3349 5972
1699 2513
2240 1358
2718 1191
3075 167
273 2756
3183 1986
101 632
3307 4
3171 2441
2169 1454
559 1206
2755 1855
1093 3098
1975 2390
1439 1646
3010 1870
1819 1872
1496 958
1546 1348
2992 1060
2123 1324
503 1121
3061 797
2719 1978
1809 1670
80 2068
1934 1901
3072 1492
2424 2913
2402 357
2956 2105
1110 603
705 2758
2751 1489
3235 563
1864 2746
3143 865
2514 2838
1998 159
189 2679
227 2899
2657 1555
2519 432
3330 1066
604 973
568 1634
1866 261
841 558
2583 2406
1381 1587
1907 2135
315 212
2047 2406
2547 43
3234 3345
2363 684
1732 1822
3079 1273
3186 1305
205 41
2611 1213
2981 3186
104 696
104 1503
1460 3207
297 2901
2138 1275
2173 2756
2568 2181
2662 1786
202 1741
2610 1274
267 975
1880 2095
2892 1875
487 3173
55 2813
2443 2298
2776 2986
682 513
1709 2616
3219 982
1861 1396
721 2928
755 1691
698 637
282 2984
2034 1307
1279 2700
2590 1224
1496 2050
1137 2237
233 759
479 98
1486 1971
513 723
2965 1882
2363 1514
1097 536
1539 2709
2214 131
135 2140
2430 969
1321 1001
1786 1353
69 2149
1235 3034
193 1376
2771 2036
1885 1855
599 1850
684 238
1720 809
1479 468
1143 2586
1772 1564
2792 2105
1152 1993
2864 8
2945 188
983 1485
2432 2645
401 2027
2129 995
1982 2999
632 2239
1390 1731
1916 954
2662 3068
1520 2604
103 1930
3027 2309
3200 255
610 2003
2628 3007
404 434
2025 2645
305 2468
207 776
2261 2307
3157 952
1576 2213
3207 2434
2330 1820
174 1754
3116 1227
1794 3134
3156 2819
2065 3007
1046 3227
2606 2057
1683 1639
1568 2065
1993 3316
1970 79
902 2815
711 1118
3170 2326
3131 36
3069 109
2942 333
1810 235
543 1307
288 662
2815 313
3045 3340
2937 401
1813 1201
2484 1261
2171 3225
891 2521
850 2464
2694 3297
2948 1777
555 507
1320 3095
2074 1231
156 1387
1924 1156
1423 3169
1981 638
1304 1897
543 1993
2900 2712
2246 2235
287 1914
2932 2279
2352 587
1511 28
2103 66
366 332
1990 2993
3052 1898
658 1654
3337 862
2830 1040
24 2489
581 72
607 1011
2885 2865
3230 3333
1099 282
1340 545
3265 3292
2013 1506
1800 494
2271 1561
2326 2959
1006 2815
1054 1928
2120 1358
768 527
1196 746
3074 110
921 1239
1061 2160
30 1780
2006 2917
571 1712
485 1960
211 3206
3074 35
2069 2037
2758 1401
2912 1326
1710 764
160 3106
1360 1199
333 2108
2134 1488
3081 2278
1260 1420
2251 3122
834 88
1559 349
2932 1766
805 728
2283 2007
180 2176
1572 815
2981 1705
886 2792
1499 2988
1940 2726
1638 767
2561 2978
2734 1199
1412 942
1231 2164
1816 979
1155 3004
3258 2175
2249 3157
3039 3076
2355 1319
1390 588
1515 793
274 1243
2755 2179
1270 2399
2932 1304
2055 3104
2647 1822
2583 1413
2376 3301
1149 152
1884 3132
2348 3149
139 362
313 1054
300 1102
574 1424
602 780
2921 558
1796 133
2697 3146
2385 41
2738 623
534 2255
2355 2347
2864 1161
1902 2753
116 2955
2093 3050
2417 629
188 1892
211 1220
432 3244
2182 1502
2374 835
1393 2667
1562 905
2852 1089
563 595
1378 3287
2630 37
3164 1230
2277 2564
1864 3150
254 2598
2895 2800
779 3294
411 2896
622 2557
1399 428
2903 693
3345 2502
1375 504
174 308
1447 148
2165 2657
1785 1558
2731 1527
278 504
2414 3090
1899 2300
3278 2748
2147 1258
2024 1149
1199 117
690 1530
916 1396
276 287
2943 2244
1947 1502
3009 2425
2508 373
1283 2732
1434 2349
437 1854
214 2385
458 2367
1834 1062
868 397
357 3324
1923 1372
1355 2808
1028 1952
2208 770
1858 1971
350 521
892 606
2254 140
3135 1302
975 2487
3044 608
2188 1948
2597 1002
3173 1278
1762 3122
2244 3264
1258 3197
2008 1154
2547 1144
1186 2519
818 2567
3262 2330
3340 1049
3227 2461
1117 804
1383 1640
1647 2479
304 3098
2632 1380
2017 3114
1338 432
1451 2187
3071 914
2632 991
25 733
1685 655
3334 387
1336 3250
468 3150
1822 1712
3312 969
2982 2944
851 3235
2716 3261
289 61
1709 2752
883 2820
2752 1147
1453 879
26 2500
2675 1906
2644 2982
858 2028
680 1031
1213 2832
475 2584
1252 2087
2963 489
3310 1939
97 133
964 1974
197 702
1193 2308
2279 1627
2777 2648
1682 1965
1705 2090
2431 962
334 671
2299 1752
3082 2960
1376 719
518 1838
2319 263
1360 1211
2204 2771
163 605
2778 1635
441 896
664 533
3147 3053
2501 952
521 2614
1346 269
1460 252
2734 642
3028 622
594 425
2210 259
3131 2562
3319 296
998 2033
1799 989
353 1486
1718 219
1534 34
1086 528
2729 3181
723 2554
901 2198
1308 1272
2879 148
2702 42
1152 2903
2361 44
2656 473
1223 2125
425 2151
1460 1260
2041 3315
1292 2600
2505 716
1083 1206
1606 218
3121 1880
2116 1567
286 2127
2895 86
1434 813
557 278
759 3006
2552 917
2248 1397
2985 788
182 3152
1982 2070
1148 2918
2361 1870
690 2053
1664 2839
452 2532
167 3250
396 652
191 1385
2176 1918
190 1525
2425 1152
1691 2184
3030 1886
636 2402
3076 1998
1624 2899
565 275
1607 419
2936 2718
3183 2652
1478 1888
739 1820
438 526
1405 895
936 427
901 586
1749 2370
1979 820
344 1500
49 90
2923 1100
2354 2450
542 512
3027 1159
1586 2190
1671 329
563 977
1467 2172
2959 1104
1235 180
692 1528
2159 250
2821 2606
1609 3103
2402 3063
1556 446
2032 1309
696 1430
1904 920
1448 892
2209 1626
1307 2982
2245 3249
295 2101
2569 1757
2067 2057
1902 2678
762 2043
2511 45
2023 237
1979 606
1211 2738
345 3018
247 534
2635 3189
1858 2362
2354 553
2843 239
1884 408
342 546
1578 2630
1706 259
2619 791
1072 2134
2618 2610
3266 789
2984 856
145 1370
146 1258
2647 407
2937 1656
956 1692
1027 2151
1146 1832
258 1837
159 2861
2466 2751
1228 2841
822 3070
1448 2472
2915 709
320 2000
1251 1930
3346 987
2305 1913
2408 2750
284 1533
2305 3277
3130 2998
1804 3015
3255 1478
2677 521
1514 1603
2704 2505
1064 564
1952 1317
2588 637
2434 3098
2063 1300
2451 1988
1559 60
1211 2423
498 579
2687 3132
2207 1680
1030 2267
95 1738
1459 338
3018 2499
759 229
1979 696
1711 2308
2885 2691
3329 2271
2650 1747
2490 2768
2334 2888
2661 1230
808 1865
666 1529
3186 1048
159 250
2115 1311
171 2523
1045 2816
2276 2994
2442 1248
2 2248
2906 1170
3201 121
2357 2195
2375 1699
1718 3109
3071 39
1152 3026
1076 2000
176 1389
1400 491
1908 1407
2788 25
1270 338
240 1161
2968 2100
1580 552
491 353
900 1821
295 2300
2974 1922
1352 2284
1614 614
1708 3244
2892 2125
678 1878
903 136
2493 3278
1453 1015
2977 2508
2284 1581
1105 904
891 2855
362 291
1516 738
1232 1478
1296 120
2524 1159
1377 186
2050 2314
277 3204
882 791
21 1975
685 2447
2942 2257
2669 2600
290 1278
1545 2870
3273 1778
1229 81
2657 2154
254 2736
594 2452
2831 2844
1137 1259
3164 3277
2850 1697
135 1106
2880 1038
192 2511
798 1472
2179 2392
3114 1002
2933 1517
3259 1105
1535 844
108 857
637 664
2666 3028
1584 2107
2758 1910
3111 348
2777 511
1119 3133
1899 2175
740 3153
1200 2325
1168 1241
104 2503
1871 2599
913 2260
139 679
2431 63
1855 781
1760 3304
2951 76
3224 1740
2323 158
2432 3132
1018 1079
3176 2132
654 1738
39 3189
1356 410
2528 2212
1355 1126
1198 257
2012 3252
2603 937
1954 827
510 2796
398 279
1500 1516
555 240
1834 143
730 2568
2881 1220
1903 1764
2618 1535
711 786
783 2537
1782 1163
1115 1141
2709 1235
2777 2692
1680 647
2372 1218
1503 3174
1415 718
984 2749
3180 516
2055 2962
1500 3204
1072 2926
1769 1890
2235 1542
1944 1473
1309 2834
214 2869
1284 2601
644 1524
2321 665
588 2283
448 2033
2204 737
2235 1331
98 1065
79 3179
413 2824
830 2247
1939 23
2497 2626
1322 98
2628 1613
1578 1269
1221 1552
551 2045
1263 2795
408 779
292 2240
2692 1920
871 2157
1167 3049
2839 1153
718 3054
1905 1297
61 1680
1415 197
2476 909
1724 704
3247 2641
3219 1460
1387 686
3197 346
1804 51
1043 724
2063 503
852 2934
3294 1937
2592 3046
1122 3172
913 2655
2305 1310
404 57
106 144
1399 1317
1937 2216
971 1873
2975 960
1832 973
3209 1689
776 339
1684 750
1226 2364
418 3249
2367 376
1486 1518
3291 1917
676 2386
2543 3179
2118 2939
1024 2520
1833 156
710 2996
1518 1137
2052 1186
61 2460
1544 1371
1206 2303
782 1242
2293 1915
780 2673
2824 1746
1817 2756
621 1435
1652 739
2490 3095
2981 2944
108 3215
206 2941
2712 2578
589 1686
2584 2188
1048 1180
2209 3151
260 1955
3067 2485
2552 2864
1643 294
764 1006
3292 1231
263 1245
1012 2224
1663 391
3142 2569
574 314
952 2235
1059 471
129 1831
3030 634
2792 3259
1455 2437
3152 1120
2743 2977
1191 1168
2010 1171
2149 1523
762 2792
577 1528
1325 2028
3283 2466
1423 913
1383 3026
2806 3158
34 1113
1206 635
2517 2215
395 323
2225 2382
2818 1661
241 1272
985 2838
698 1512
1337 855
2442 1434
734 3120
909 3054
2665 1629
2782 1194
2519 1698
261 1685
2528 2930
1319 558
1136 3295
2659 66
482 2161
947 1834
1487 369
887 185
1720 2988
2851 1218
1922 1690
1190 1527
92 1088
3229 1351
965 718
1703 3116
1407 211
679 3298
1652 2846
3185 936
2702 2842
2556 1724
3100 1536
2995 3234
2110 2506
190 927
245 236
3325 2025
573 3203
2184 2122
3337 1235
2280 1808
1802 280
623 3324
2410 3107
2302 3089
1711 227
1821 3111
2250 2236
2494 1803
3032 2176
3006 1403
1562 3224
676 763
1008 523
439 818
2076 2746
2193 347
1301 568
1659 166
743 2610
764 2143
2091 1526
2919 2201
3300 132
1139 2587
2106 2130
1463 1430
1685 2714
2452 2218
2125 1057
1097 201
397 3292
2310 2827
394 2238
542 1048
64 2345
1504 1179
1337 262
266 2270
69 394
2288 786
1717 3308
1170 2800
2025 1396
1395 2273
2054 2998
604 2732
2534 2375
2070 3220
2664 2865
2145 1969
941 2333
2865 920
1688 1397
972 1884
3045 1364
1722 955
2440 80
2147 2544
2834 1059
353 1027
1985 691
2444 1592
2719 1147
52 3098
2445 2031
1492 2006
361 2736
2042 726
3280 2413
1127 1179
555 2700
3337 2413
628 893
2045 1860
1319 38
2502 648
1957 3125
1559 728
1236 3054
551 3236
2920 831
812 741
1104 968
2217 3067
1225 1939
2093 3236
1295 935
1076 2908
3241 304
3144 1392
2255 1226
128 2536
2750 1024
2622 1135
766 2572
1804 1594
1006 2641
833 2079
1670 3075
1420 1779
1990 879
2746 3271
849 1609
832 732
2137 2723
2028 1062
82 2694
416 371
495 2546
2328 215
3003 1107
227 624
746 3221
330 1074
2038 156
119 3074
2371 2672
2879 2094
1648 1641
1047 2630
200 1705
1929 439
1251 2403
2411 156
2486 2068
678 2675
3305 3127
2334 716
2695 891
2240 1848
3345 2117
228 2746
3131 609
1411 1868
835 2920
1166 2400
48 2804
2488 2541
1714 359
3293 641
2538 1402
1829 2985
1939 550
1641 3052
2107 486
2197 2351
2147 1999
1400 3255
1604 15
2983 1499
2455 1782
2833 199
2067 776
841 427
1851 988
2750 2621
2893 2626
2441 1793
980 1683
3039 3234
1519 1143
2255 1498
2585 743
1260 2468
2703 743
212 3224
933 1344
2299 1629
791 1304
1757 3125
2299 2812
2410 214
1271 3109
1332 2437
945 1993
2916 139
3277 2649
52 1054
2498 5
1740 2509
337 601
1617 2369
2583 2045
2434 2374
1449 77
1525 803
2605 2331
1284 203
1111 488
1600 1418
2324 912
2496 2084
2432 2754
1702 2546
263 1024
1192 2509
1445 3042
298 1383
1130 2164
441 1147
3026 1008
2150 2559
933 911
1061 682
387 2803
1269 2680
1028 3284
2425 2918
2666 3076
2182 1399
2535 1659
3105 2462
176 2085
289 240
410 2317
1163 2482
3245 2948
896 1606
2833 1579
1092 1931
52 3027
1154 1684
822 983
407 3245
353 2563
943 3322
1190 2006
163 3222
781 3032
1142 3022
1160 2659
2406 945
3057 1115
1942 1134
2576 2431
54 1167
98 2486
1886 424
1582 3160
2720 2900
2151 773
1345 2994
2851 39
2040 20
2687 107
874 2174
468 596
10 1246
736 2868
2058 367
2805 2756
2746 3328
1875 2303
2020 2172
3168 1790
2583 3112
272 2521
1087 1327
7 1171
634 1287
1819 2284
2716 2935
1553 2871
1958 3326
2236 3027
3248 357
2639 259
2871 3343
255 2188
193 825
1515 749
758 2836
2487 1346
3162 1133
1662 1481
2686 3040
2445 988
1882 2368
1458 1789
1825 2870
1867 2006
636 1763
1789 3110
1041 2227
556 889
796 2469
3156 1339
624 1542
2940 2358
290 2704
2301 1316
3037 665
2999 202
2873 2168
2682 1958
1985 702
1612 3188
1968 3295
1000 2418
1119 2369
1012 1472
1046 2184
1580 345
2003 1710
2178 2840
172 2633
2616 2739
1200 1460
2334 938
1558 2731
528 1514
1135 235
2195 1989
2421 1868
2623 1447
484 2631
2366 3241
1519 3332
1604 1418
2779 1843
2010 1214
2712 719
2527 1229
3034 2610
18 514
3094 1756
2676 807
1604 1476
2199 3121
3012 1772
2386 2562
2336 289
2454 1347
2484 1565
523 3246
2363 1337
2837 1937
1326 1681
2227 3329
1209 1075
1901 1671
2429 1734
435 2319
1331 1774
1100 1900
2841 2993
1660 3001
1303 1349
3124 1903
3182 2011
1626 1947
1474 3166
1925 1428
2594 25
2683 3252
3079 2240
2036 3200
1523 1095
1696 676
2594 1863
1143 2152
2792 1091
437 477
657 255
1028 773
1354 2722
94 84
557 2430
2351 1693
1903 212
706 2116
724 177
3187 2050
567 1220
954 2078
1564 326
1852 358
2180 2199
2726 1909
805 745
856 37
1995 2213
946 2942
3307 2155
1203 1190
927 2541
2226 2369
43 262
1579 602
3089 2631
727 888
2503 1154
338 1506
252 814
82 274
2569 319
2970 2906
385 1067
2778 405
3244 1024
862 1170
3080 2064
803 2983
3243 2908
2191 1882
3229 660
1564 2667
1758 406
1124 425
1278 1855
1665 1752
2222 1279
2257 1074
1925 2309
565 1939
3268 1532
1081 611
3172 2218
3046 1224
1509 2950
3314 3272
3185 1189
374 558
2937 1603
2712 1155
1453 1224
1811 3181
2840 3053
1012 592
577 2771
1514 2369
90 118
2240 650
1566 3193
784 2941
2540 211
1527 696
1905 1952
884 1855
862 3216
2018 1799
601 15
583 104
1660 2961
1233 2591
3244 1449
2529 1749
432 2070
126 3170
1418 2791
1690 2868
759 216
1637 730
1388 1177
1412 2760
900 3144
1446 2940
896 1555
2575 2296
619 803
516 2560
1546 394
2089 1095
2501 2770
2172 3113
2731 61
811 2911
52 3003
598 1040
2166 301
1585 3146
274 2241
1355 1663
330 2712
1022 299
639 2056
1383 1555
1361 2776
629 171
2770 1007
897 2877
2411 2712
1807 3300
359 2685
667 1066
2926 2366
2116 2006
1206 233
1906 1992
2030 1685
3196 506
3164 3254
1148 3258
2116 2949
418 1854
330 1089
2855 1382
2666 1986
1962 1060
351 3098
2616 3302
2101 231
163 3010
2945 3078
697 2245
161 2269
122 2971
1557 3203
1362 1575
3201 2354
644 2346
494 359
1569 1870
586 239
1976 323
1632 638
415 1415
1156 247
606 2228
901 2117
1276 190
416 1803
1655 1793
1032 2013
2572 1685
3099 806
924 1975
1511 2899
531 2474
2979 2295
3241 2854
1243 1070
2898 2274
3138 1279
698 2105
1272 949
1183 1845
1476 1341
1156 2627
2100 596
2835 585
2422 543
2391 622
2723 696
2609 3095
1103 1173
952 1149
604 3121
2112 2317
699 2488
3203 3118
517 1289
1400 1659
2935 2162
2123 2904
177 853
55 1742
739 944
422 802
2847 3097
197 2399
1487 2648
1640 198
2351 833
1166 919
866 675
1539 3074
1627 935
685 1094
2648 314
2643 1298
836 1953
2551 3249
2026 1519
1013 2236
1079 202
1512 2442
100 2361
632 239
2656 3299
177 2232
1904 371
564 1991
638 430
2027 3045
523 2168
2465 1054
590 403
1983 501
157 735
2538 1235
921 2176
2756 1618
2973 1760
1992 443
562 3253
2665 1294
1457 436
2743 307
2167 1834
2142 181
130 287
1778 3235
1679 410
1652 1711
377 2421
313 143
1808 1754
2578 2144
249 1599
2133 1661
2873 443
2701 20
1700 3071
467 1124
1681 1171
1209 1667
1868 243
3287 1954
242 2063
1370 402
858 1297
3135 587
441 51
2458 2420
2290 2584
3191 2625
629 1305
3317 533
1868 3323
3126 466
649 2242
227 3096
1595 3151
115 3347
259 970
2398 1184
967 337
1117 307
752 2136
539 1427
1833 3114
1393 2688
2200 3337
2220 2721
495 1782
2257 3206
243 507
1112 1183
1045 2270
960 1043
160 3037
1919 671
1895 230
2363 2842
2322 2563
2666 1705
1411 168
1771 359
1405 215
3223 319
2327 3008
2147 906
755 2130
3270 793
2154 1822
639 2764
916 1078
689 2146
1045 2109
361 2538
1513 1810
739 1276
1676 2966
1179 2796
349 3036
1313 335
2131 2525
1802 2207
1325 1931
2966 2323
3035 998
2221 3206
2388 3103
2433 2653
1335 1553
1369 429
2244 2260
2718 386
437 833
2898 2874
2902 1365
2680 2758
1683 2991
582 3299
1111 2046
2359 2797
103 3036
3021 648
1538 1008
2336 862
173 2759
2494 1803
2824 2909
1686 2397
3255 1884
1920 1702
87 1145
1215 764
3074 3143
2372 303
982 2327
51 205
679 203
450 313
851 1655
3118 3150
904 1009
2576 2859
3338 208
1906 1651
1660 187
2348 2322
3248 591
394 870
214 565
1108 507
718 1693
3204 421
1539 3245
1265 1463
2841 1044
729 676
1812 2434
2892 2997
150 1482
2935 3134
2932 2760
1697 20
1430 702
2406 279
2460 1638
761 2991
1461 274
865 1294
2223 2874
1559 1975
1400 511
46 2907
13 1568
1698 1012
2222 3022
2437 2760
426 2149
2408 2004
1402 2480
784 2618
2446 3117
2308 3000
1344 2320
2170 1505
454 2868
1628 655
3333 2763
2095 334
1999 2310
2175 3211
247 1693
1324 143
3088 910
2618 862
894 1486
3314 2508
274 1386
414 1666
1211 3193
2778 1045
1709 499
2346 1572
68 1228
469 2204
589 1600
1051 824
2853 2155
3197 335
609 3284
700 663
424 3139
3151 3186
1869 19
2686 237
359 3231
879 1830
2110 884
723 2275
1921 1417
2815 1783
2449 2993
3173 1106
2194 811
2388 169
1713 1785
2057 156
1991 2935
3225 2756
846 384
778 3170
2632 1275
2089 2294
2591 3176
3298 2416
1797 1212
3249 754
2374 2144
249 2860
1700 1832
2674 43
1908 1303
1134 2338
2931 500
1330 2919
1064 613
135 1007
2535 3070
656 1539
964 1645
2926 2424
2652 2421
886 2003
1002 868
2732 3036
1269 1750
2202 2332
654 1139
328 988
640 1817
573 2966
2741 2236
1589 1364
777 543
65 1848
2515 2999
777 1131
2281 2545
1490 19
2309 835
1490 1076
2286 2383
1983 2108
2192 132
3153 3149
815 2793
1324 2792
3080 512
2470 3285
424 1567
1651 893
3079 2258
2261 1425
613 1205
414 2899
1283 787
2025 1231
500 2324
1179 1271
1398 1746
811 2387
2258 1506
3176 2818
858 94
483 1944
2613 1942
1289 3275
3083 2355
246 1256
1222 558
873 1039
2494 441
2610 1910
2394 2635
1294 2425
1792 2212
2188 1633
3247 1672
144 2130
1879 280
727 2023
151 2489
1661 490
87 3076
97 1927
1078 537
270 2576
1550 148
2947 2862
963 2436
2181 2139
3218 156
414 1475
3053 2221
1536 2679
986 1817
215 2876
2843 520
334 2369
1220 2489
1270 2731
1039 1276
681 1097
1716 3026
725 782
1430 826
684 1327
726 1457
1477 2214
2874 2525
2112 3292
2310 355
2998 996
2287 1504
269 1751
2258 534
940 922
1887 167
2231 1304
2422 1404
2154 2015
273 1437
550 3085
895 391
3217 1456
805 18
90 3026
308 1373
1211 2750
143 2669
1877 507
285 1360
386 2256
2703 2442
2220 1678
1037 2107
2189 3039
1105 10
2230 1478
972 2642
1161 927
3122 1871
20 3343
3331 316
47 203
1024 454
1807 988
2793 451
444 1175
2383 1510
745 460
1536 2799
2682 887
3326 467
3218 867
2827 301
2718 1630
355 1711
3051 3163
2059 1831
3038 3129
779 2783
1037 93
2415 2408
2320 1618
499 783
1038 1305
524 1913
127 2426
2861 1281
1436 2703
2151 2357
356 2760
64 3193
1486 2963
1483 2519
2487 2866
921 1514
2751 1239
2441 1183
4 2643
2187 618
2836 1707
2206 3103
1131 2127
2357 686
773 1228
1651 2889
2288 2216
2893 2236
175 2027
2476 3319
2358 3121
3306 249
1642 1252
2606 1105
683 169
735 1011
1501 810
1933 1136
2807 70
2273 907
133 181
2511 1878
894 3297
2437 1559
2732 1381
2113 746
1335 317
3021 1329
675 3221
363 225
452 136
2134 3244
1830 3206
1291 3178
3153 233
2298 48
2888 1285
3077 1071
2504 1251
455 2874
3042 176
2995 309
1077 2090
686 605
555 2679
3002 588
488 2565
2735 3057
1151 894
1555 2955
727 1290
2077 2981
2332 282
2353 447
1813 816
379 923
1342 863
2840 754
1905 1474
1962 363
497 214
1432 2376
2155 869
3031 873
2948 3252
3261 2720
1931 1982
3055 1181
1009 1752
3100 197
2826 1032
1007 1048
2996 261
952 1904
2972 1439
1616 9
1352 187
2720 2828
2619 2046
2613 2345
2209 224
2265 3343
779 1991
1505 2425
530 447
621 3289
1980 351
2497 2455
1715 2198
1731 1810
1134 2849
2800 1109
1528 3132
52 2284
1541 313
3231 255
1117 1375
1274 1498
3054 2831
401 2937
3182 1429
545 2475
1249 2089
1690 1481
277 2149
831 2530
3261 469
906 3124
715 3337
2046 599
2087 1747
1185 119
2537 1120
1158 122
594 2298
609 2320
998 2240
1803 2849
1222 2226
754 2665
1267 1404
1015 1867
3301 1632
3157 1770
54 1420
2784 2976
3273 1610
1251 1957
1065 2159
2661 861
1773 956
2026 2805
2474 1973
998 59
796 2431
2896 1828
1442 2185
99 1406
926 3210
224 2101
889 2122
1130 2827
1974 1014
300 1623
3317 803
277 2600
1061 2719
596 2387
1962 2669
708 1850
2470 2081
400 2111
2670 771
2333 9
459 3303
851 980
2338 620
686 860
2822 2979
1348 616
2471 1758
3148 945
1261 2137
1627 2751
1239 1331
1322 3229
2306 1596
44 870
2488 902
2855 2532
441 2646
2130 1821
1892 2947
3260 2571
2378 2349
2264 2439
1672 3251
407 1697
3206 1932
3188 295
2090 3107
2718 2774
2820 691
2885 2223
2438 3093
1767 1257
2859 1604
1173 1542
862 3085
2380 2504
2472 1641
69 1982
1891 1537
1244 2551
1913 3303
1376 631
1062 738
160 2841
1639 2031
877 3160
705 1272
1908 3156
1872 1562
1943 1483
1865 3076
1030 1236
626 2007
1233 1567
2157 318
3149 3083
2388 1313
3343 1221
1120 3345
130 2121
1437 2678
406 3300
2559 2905
3079 1865
1010 2274
2384 3340
2548 1572
1594 3116
3262 209
495 859
2449 1063
2635 1992
1943 3156
93 1849
1874 881
1547 52
1321 2543
3155 2403
965 1741
1073 2906
1348 1708
623 767
135 1125
2439 1473
2959 923
3004 2973
2727 2221
2074 3034
1919 1995
1978 2346
819 2243
2851 192
803 3308
1317 400
361 2222
1399 3169
2955 921
932 1938
2106 3259
2789 2555
700 991
1762 382
552 2427
2027 1995
422 169
750 2473
1607 906
3269 3336
3345 1014
1105 2214
816 2351
655 1830
3106 806
1777 143
1345 3237
2290 1697
658 46
1605 2446
1789 1965
3115 2920
1481 294
19 1836
2394 1312
3262 1403
3106 3154
942 897
2128 439
3121 2471
932 2348
3130 3010
396 2702
16 1293
3018 1229
818 3223
379 1582
1460 914
1001 1351
76 1699
938 1677
3281 2686
2611 297
2542 1480
12 3025
3062 3214
371 788
578 1674
608 942
199 3156
870 1358
1962 2339
1843 1808
1857 2481
773 1329
3249 2254
2796 1751
1556 1446
2163 3265
10 1038
1848 435
3152 62
77 3074
817 2494
680 2636
1655 1849
3054 508
2998 1316
3342 2768
686 1714
540 281
899 2441
996 731
831 1878
2280 213
2020 2528
1709 400
1469 2459
1855 2249
1227 2505
1366 129
2833 825
2679 519
2322 987
2880 354
2994 1317
3248 3082
272 49
3160 3122
573 464
1446 2953
1315 1666
2898 477
1047 1902
3093 2727
2942 2154
393 1303
1477 1048
1916 3276
1940 2979
129 1620
892 1107
3265 815
621 1335
1311 2934
3094 240
1960 233
731 3157
2744 2049
772 1192
110 517
879 138
2613 3214
3197 2668
140 257
202 1775
1390 55
3034 555
424 2333
2357 1514
1300 2343
82 1286
569 834
1970 2087
159 634
1657 414
2876 1956
2949 336
1244 3235
1105 562
2569 2645
3347 3083
1595 2602
662 128
3277 3100
1820 901
1496 3337
1833 472
2101 1779
1257 1285
1965 3125
2058 2964
779 1057
2350 1363
485 2833
774 581
3188 2188
948 193
1969 1647
1090 3332
1908 1760
1688 63
1184 1578
615 1669
1795 1536
1767 2038
2953 2028
907 2744
2898 2870
2561 2756
3215 1411
2178 674
3177 1121
2790 1289
1907 952
1474 848
2560 132
2449 1413
1818 99
3338 1655
2644 1299
1105 2778
2776 757
768 2811
2098 3008
348 3067
1025 1779
2305 1898
930 3084
3248 1240
1518 2160
381 581
1936 458
2339 1675
1664 1627
1154 2114
755 2677
2436 2492
3157 1862
1848 1310
1089 1579
2958 2950
1707 3300
1007 686
788 1603
1313 1258
387 1320
268 877
2831 2256
971 2262
1226 2570
2009 3017
1409 3278
660 519
1927 632
3211 1662
814 3166
2466 2659
791 1111
954 1150
1910 734
1095 515
1057 968
1634 1164
3180 2756
1034 1556
149 3240
2298 3024
3200 340
3119 89
12 2329
118 541
164 3310
2761 2938
966 2343
2997 494
2406 1329
1735 1300
2206 2938
284 224
1798 1297
239 3007
1972 2833
3131 1653
589 1880
879 3110
1130 2583
3306 2606
2811 2918
2280 716
1952 2168
2965 2549
1982 2401
2284 2896
2442 747
2228 2987
2800 2478
1963 2153
1451 2010
2735 1590
3211 1039
1839 2697
2584 1536
2118 2833
852 1111
1260 1763
882 3066
340 3195
1170 2435
2963 1023
304 1848
806 1827
784 396
2839 1639
2572 3219
3055 1019
3343 1999
2176 1025
393 3025
2877 1071
1513 365
872 1975
2233 1861
2893 1922
285 2323
9 2549
439 2811
1405 2245
1850 975
2488 683
1490 920
2753 173
2589 3240
1528 1663
2582 400
2530 140
2999 923
552 2179
1376 2661
513 1936
1852 1795
3233 2897
2014 3195
1745 2193
357 3104
2616 2571
2280 914
1057 175
3180 349
155 2683
28 1333
263 436
150 3165
1959 768
1423 352
2996 588
798 2871
1133 833
227 3006
1811 2573
2852 1097
1948 530
990 580
522 1247
2711 1332
2071 210
2364 2069
1404 2654
378 3162
3063 484
1068 3073
2124 2459
1827 1574
887 1030
867 3213
1535 237
1899 2475
330 1768
2654 2292
3099 3071
1398 39
3289 1712
164 553
74 2379
1686 1726
3194 1260
1758 259
2690 1193
1364 958
3127 2135
959 1018
2804 947
2589 2791
1648 1522
2366 1432
1204 884
48 614
1148 2266
2979 1648
3008 2877
1506 2924
1899 1668
159 3206
432 762
1471 1301
1431 2904
1164 3263
526 1372
2278 835
3019 2868
900 2601
1115 742
2224 1242
2124 935
1326 2191
1371 2067
2168 3284
2459 2233
762 444
1076 2022
884 122
189 485
3108 2361
848 344
1404 433
1732 2006
2114 2100
2232 124
2480 1181
1595 1966
3156 7
315 3151
131 2109
12 729
1929 20
294 1419
1962 994
197 2545
398 713
1159 1830
2870 791
1750 1686
2283 1537
1314 2379
2795 343
2885 1314
2098 387
3001 1299
123 2595
1987 1374
3293 1007
2166 920
1450 338
923 62
1346 474
992 1478
3042 554
1988 614
1886 2418
2533 450
31 853
2781 3108
2861 1592
140 903
1363 2257
2893 1063
1980 1671
3154 417
1133 603
490 445
2510 2782
2163 2593
2020 2713
2864 135
320 3097
1705 3301
21 3014
79 936
227 2510
2734 1141
2647 2138
1955 2749
2410 1930
3171 2990
2966 1666
1332 21
2037 3331
1937 472
2616 2286
1757 3110
2544 219
286 416
441 292
1909 1057
1213 2342
899 2674
2781 2276
2416 164
2039 2941
1355 1719
1947 1803
1153 2171
3116 1979
512 1407
1725 324
974 2842
231 1216
3276 908
187 2797
3284 1746
2149 766
1070 2869
2171 3309
96 2630
866 2366
320 2969
779 1526
672 2283
35 695
2665 1283
1199 1927
2567 348
1929 2043
329 252
2677 142
453 3252
915 3152
510 3198
70 1375
3308 1461
1834 2756
3099 2710
1465 1744
1337 1418
3167 2997
2045 1952
1080 2586
1029 2210
2384 1507
2086 2033
3345 515
2556 1342
3246 950
1625 226
2826 426
1358 2654
2105 2362
150 1969
1399 1869
1089 2235
1469 2092
1558 664
2017 3012
34 1425
882 382
1510 1002
3008 3142
809 1790
489 474
2681 2488
1958 1144
1410 1689
532 2524
2589 889
2712 1716
2589 102
3248 1712
1913 1922
3325 554
3041 2057
643 245
91 1228
2467 138
898 1803
116 1273
1690 515
2718 1440
80 2366
1097 2366
3291 1788
2965 1916
1686 652
593 2359
3331 2128
2819 2270
1483 3259
613 1162
2949 1579
23 2266
775 2694
274 2052
1840 3025
2498 2908
206 1868
2712 1162
606 2022
1968 2554
667 2436
96 2155
2647 1185
3036 2891
1626 154
2181 2371
1270 2341
683 1464
1138 1648
2463 2678
2105 2574
2907 691
935 761
3156 255
3300 1252
334 1013
1203 3201
881 849
2697 299
265 1292
1278 3109
2610 1870
761 6
1300 2847
1395 2777
1160 3114
1483 230
689 3229
503 1299
1197 823
191 1121
92 1376
3007 1041
3005 1613
3284 2848
103 2890
1237 2143
2425 894
1665 2882
2562 2245
1747 137
2783 253
2142 2607
3036 2536
1373 1177
1054 2013
278 2848
898 79
314 2158
1133 2436
639 2556
1184 1081
1740 3222
1587 1763
485 1654
2916 2027
10 1448
881 1373
1608 1673
2227 2033
1900 324
2068 1720
34 1777
1947 3274
2799 2080
1758 604
2891 3222
920 3234
1774 2724
942 2504
23 2128
277 2386
3068 3028
2675 150
3252 2380
1092 613
1816 24
2338 505
1339 339
115 1764
2116 988
2834 1587
1943 282
1346 2468
1566 2113
1029 3159
2240 3058
1010 879
3322 91
3153 1565
2594 714
1920 960
268 175
1383 247
2678 1223
2721 1612
2802 486
3220 241
2310 2814
2754 853
610 133
2164 2831
2949 2471
1360 1672
2779 644
2475 3033
1779 1448
334 2909
2812 519
1575 1673
2359 2534
2015 957
683 1311
1159 373
2404 1177
15 1277
2681 445
2184 677
1413 2351
3107 627
146 1190
852 2284
2508 505
317 2699
3321 1333
374 3177
2671 786
40 2309
739 3079
2996 2965
1968 520
1976 2377
2616 2335
2321 1317
2297 188
3187 265
1221 1325
2420 799
2717 778
2411 2626
252 2879
1350 1600
1716 1125
2907 1501
1027 1124
778 3202
37 3052
187 3110
1887 3288
1868 1167
784 1161
2102 3331
3035 2926
1927 362
1581 1781
2405 3087
406 2562
1123 186
2578 1040
2693 2969
457 1095
1961 645
2570 735
12 504
2685 1765
3182 3026
1703 551
2503 1886
1992 1735
1373 1074
1079 832
780 2098
1420 1398
1541 1697
374 3156
2494 228
3275 2214
3266 1043
2347 2770
273 2994
1616 536
1504 208
529 2111
2578 2992
956 1639
2515 1263
1060 374
1306 108
266 2808
2975 2766
2211 2286
2104 2268
2627 1160
2782 3265
3011 2943
1367 2484
620 345
2230 38
37 1063
743 2273
1352 2625
1312 2696
1317 2944
3022 2413
1394 639
1759 1039
1748 2529
519 2657
902 2390
1812 1718
1256 1345
3288 563
1394 2485
1420 3071
1266 1722
252 3042
190 3091
2738 3140
1248 2262
3255 1612
832 1950
122 1238
456 2884
659 2779
3100 1958
731 678
1496 1290
1147 427
1038 2823
1494 2381
1682 842
2687 3068
1634 2198
2820 74
3128 3157
2031 1856
2776 2469
2602 2119
1109 1256
2285 2788
736 1829
1989 2764
768 1465
858 2042
400 941
1556 1096
1352 46
142 894
1150 2710
1956 1403
3095 1500
284 1786
921 1424
2080 1968
373 1064
1506 3172
851 1874
363 2111
1767 2161
97 2784
2179 2827
353 774
999 1284
1903 1087
2764 2069
451 1619
1186 482
3207 1514
2138 2644
3137 3299
2426 2590
494 1599
1772 144
2835 2008
1970 508
1962 1399
1884 1934
1784 2762
2268 3106
1535 246
3087 1867
3346 2500
383 50
2355 1395
430 1441
3273 2037
2225 1388
1604 2882
832 1478
167 1479
2599 3249
40 1063
1213 270
2309 233
651 192
399 2396
2377 1774
3056 3002
246 2174
3175 887
1711 284
1342 3098
2563 87
2656 3032
3303 2188
2428 1835
443 2269
1773 36
1233 2281
2718 1975
460 1271
3221 1020
225 1934
2256 61
652 11
2288 3129
1691 169
1251 794
707 66
2618 542
751 522
1480 2324
2229 131
2353 3346
100 2384
524 1542
698 350
2697 2962
212 3094
1384 2997
556 575
2254 3052
2152 1056
2932 3063
1054 446
1606 1344
1924 2759
2177 1064
2003 3348
2270 1436
1757 1817
888 675
2512 1611
1689 497
3296 1438
502 336
2210 2947
406 1277
1411 3046
3311 1773
518 3298
2372 2837
2179 448
2583 825
1725 1997
3289 744
2739 2649
2076 516
3294 2947
599 2361
1358 2878
1509 1909
2150 941
73 1452
1120 2396
1165 1713
1919 614
440 3012
2353 2194
65 3212
1620 718
2164 1308
636 1379
431 543
1512 550
2778 1000
1638 316
3299 2505
3025 3210
1282 2133
243 794
1574 2809
810 3251
111 2956
1724 3086
890 163
3218 968
1700 681
2978 622
1716 1608
738 116
826 1858
3211 428
1330 910
1330 2354
1932 1751
1744 2954
1014 1344
961 1987
955 821
1130 366
1000 2509
3094 2014
1137 1489
3125 721
1807 757
2828 2878
2452 3205
1878 488
233 340
795 1858
2889 590
289 1794
629 244
1282 1674
1344 2969
2520 2169
3134 1353
1401 1104
66 2953
3016 1214
1273 1523
3035 3000
1720 1142
232 3247
2046 266
2826 3192
3167 488
1050 412
3204 200
650 291
1860 231
3171 3046
1878 2399
1874 2343
2978 779
3197 1974
790 1811
1095 359
2671 3189
3110 1119
3211 1644
2845 2294
2855 2254
1592 5
149 845
2960 3284
1617 1333
2175 1315
1258 1781
2878 2893
19 3165
1218 2469
2230 3129
2663 2413
1502 311
1970 1881
427 89
2772 664
1241 2231
54 1363
862 1837
794 2104
2230 2531
2366 270
3252 1572
1373 917
2336 987
2388 2113
1005 2708
2209 2072
341 2664
869 1979
2643 440
2105 1628
2006 2176
1201 1289
2567 3322
256 2734
823 3256
1214 2365
684 1099
1236 2721
2824 2233
2993 1695
2559 1272
505 3026
1751 3164
2879 2262
1251 1137
1667 2615
2779 2811
2506 2770
2334 387
1143 662
2176 2614
1523 1306
89 2678
3338 3321
330 1220
1584 1942
781 2880
724 2709
809 1606
1433 2313
131 3157
2255 635
2949 1812
3190 1429
1590 3243
2391 2997
2862 1310
3261 90
142 2570
1611 1049
854 847
3296 2199
1031 421
2547 1536
2193 2715
1975 2967
842 1393
2367 3132
1827 1881
1976 2074
1556 1414
1653 2688
198 1780
1805 297
239 2585
2994 306
583 168
3114 2326
782 537
1213 1589
2385 378
731 2007
2857 1827
388 476
781 3247
615 510
2584 1239
900 2725
1860 566
2821 819
2949 767
732 70
1466 1758
2600 385
2629 814
2503 1072
1609 1487
2634 1590
568 721
1646 196
1759 1842
1946 1687
1060 1963
2908 2721
647 737
1596 1853
758 86
2667 1414
488 1641
1827 494
848 2729
1298 1474
1350 787
2626 1934
71 2551
1684 2994
371 543
1259 2637
2395 2267
785 287
2515 1683
395 2111
3222 969
3108 1253
1323 1284
3240 3046
2260 1468
1610 813
1785 301
2914 2957
550 362
2095 2877
2953 2125
830 609
2643 58
648 1797
1946 640
1587 373
82 590
30 3007
2049 1452
147 606
178 766
919 1731
1052 63
2081 501
1471 2506
741 1281
2450 816
2977 697
3045 1237
32 87
3007 1403
2766 3020
102 2521
98 1586
1063 935
399 2688
1808 3027
2575 1844
1036 2725
662 2870
328 3134
676 3046
2501 1869
1393 2155
2524 2714
1676 3024
2640 1662
2222 530
1498 978
2271 226
2423 2171
1540 839
3323 1281
943 734
393 1036
457 3261
2386 1694
1513 2539
557 892
2476 571
2280 1872
3134 1162
3168 2707
2896 2895
2279 388
1591 627
2752 1268
1506 304
2263 1036
1688 2354
3160 924
3290 1713
2206 2347
1867 2236
493 2049
1011 1381
1286 1603
2246 1084
1861 559
873 1681
119 916
1627 1152
3311 968
2186 1130
2359 3234
1624 1088
2704 27
329 836
2087 1437
3283 279
1145 2368
1038 1361
2549 1449
1917 1265
2395 2202
1394 2257
610 3279
1313 831
152 2611
174 695
3120 3205
1928 2433
3045 78
3214 2344
486 2879
2933 2114
766 3010
2900 3130
3170 55
2727 3049
1453 1540
1454 835
218 1939
2072 2767
2302 1863
1937 313
2337 3232
2414 689
1135 148
2639 2730
1478 1093
2478 1121
1330 782
3077 751
935 2293
2826 1582
1880 331
985 362
2470 3104
2114 1473
901 179
288 1612
2081 2984
2001 328
2606 2405
1761 233
1489 48
604 641
2806 2382
548 43
3141 3121
1914 37
1460 3347
86 1830
3247 2825
491 1859
2036 2585
3230 3111
3006 347
827 1015
2442 1080
112 3137
869 519
1183 3004
2947 321
2803 2731
961 569
3197 2202
3026 1656
2148 2894
2255 3276
1874 2328
2853 1788
3343 893
1217 691
1904 2460
1893 914
1355 687
1369 256
2054 1207
213 610
2029 382
961 2754
671 900
2447 1780
751 2637
584 1809
260 1548
2968 1662
1221 2682
1014 217
830 3071
2532 869
269 2781
2993 1539
1998 3040
1310 1755
1789 1849
1639 3250
1746 2116
2091 1521
1608 5
3198 1447
3288 2116
2616 3182
2886 1302
2450 3281
1909 1838
3213 1813
769 559
1493 2711
1727 1319
2288 576
61 1685
45 1229
638 1977
1883 221
3104 1391
2189 374
1214 3042
2657 363
1380 1354
1948 1426
1678 1201
1988 123
2978 1302
1758 3212
1386 1073
916 3001
2087 3210
3285 168
1121 1535
2845 2136
1399 2653
3070 2750
2182 1878
1306 2931
1127 150
3299 2880
2305 1671
124 1836
3275 2533
573 2106
3037 2661
2265 93
638 2788
1077 1375
1395 89
13 3021
632 3114
158 722
2848 2652
962 985
1702 2988
883 3319
1037 2478
3284 821
3258 1789
2563 3013
1904 153
1081 792
2067 2495
1363 3142
3260 429
1240 981
127 2313
2927 2123
374 2990
222 833
1992 1223
894 2760
627 2202
1437 3244
1339 1591
2616 312
1480 1187
1175 1962
246 1403
169 2595
2901 1188
1973 2345
258 2771
525 3293
1778 2328
658 2323
2689 3319
648 1002
2391 3149
1523 2251
1335 1414
668 2490
661 1730
2381 2243
1096 3037
2521 1182
617 1463
2019 738
1792 562
1303 1666
2794 1291
977 1749
770 1963
1676 295
1935 1165
1404 2360
193 3136
482 3189
1084 3311
1239 2283
1997 1292
1597 2153
2096 2224
2345 2622
768 156
1553 2488
934 2905
1882 1101
1303 1402
3311 1017
880 901
752 603
2044 3036
3149 2898
77 200
85 1995
582 2845
2900 975
621 1657
1374 1878
139 3334
1190 2056
1682 2034
2035 2594
777 900
1450 717
311 2084
1275 81
2124 938
2771 1673
1874 1918
2654 3135
2147 478
1391 3034
1206 3098
2330 2928
1730 1665
1098 1763
1221 2405
3069 1907
17 2671
348 168
2450 1017
324 819
1309 1513
110 1501
2497 2232
476 1266
1915 1780
2072 332
732 1828
2256 2465
1574 1965
3312 2628
3285 3206
891 2246
849 3102
3307 1870
2135 2315
2536 2400
1292 2716
1824 1661
578 168
563 2871
1615 2977
2096 3200
3092 1450
521 2541
2739 1739
1660 2683
1477 3040
156 481
3178 2739
282 1277
3283 258
3275 2679
350 3181
3144 1245
1612 1214
646 670
1486 2422
338 1114
2843 2873
1445 2751
92 1103
2448 1223
26 3300
2472 3326
1820 452
2502 952
729 699
2732 2012
2031 2951
992 2762
2217 1429
2293 205
744 1465
3262 2300
2040 1952
444 1670
2714 2628
2578 3085
3044 2410
3089 3238
218 2313
1406 952
518 971
2499 2734
3231 1845
1389 1835
1278 2139
1364 2797
1246 2138
874 799
1278 866
2780 1405
1017 1722
339 2506
1218 1623
404 2629
2124 1961
32 2084
1820 1416
2556 2422
994 2384
2711 2361
623 2159
830 1448
1674 839
1917 722
1907 2968
2991 153
2053 2490
1464 888
2717 2022
1470 393
2543 3215
1887 2932
2983 611
2736 2487
194 958
2900 2191
849 2698
57 1719
135 2838
3311 1510
1928 3017
2008 2417
1199 704
2241 3234
49 2363
652 1597
291 1282
974 2891
891 1566
1483 1374
2415 837
1348 793
1038 1960
1274 1104
1813 3128
1145 2303
569 1966
248 2316
2737 1863
1173 458
1957 929
1494 2454
3151 3337
170 376
511 2605
2878 3251
1870 511
3229 3010
1046 525
599 1715
771 1732
886 805
1364 211
3343 3259
512 445
2818 2428
170 2212
2631 2344
2667 1150
830 2969
553 3143
1762 2045
2303 529
1340 579
2989 1392
3018 344
436 1034
2207 1560
689 1604
629 1991
1904 1133
3332 1909
506 2132
3103 616
3157 145
3051 2763
1697 1000
179 444
2475 3240
2040 1501
2234 1822
2443 1226
395 1572
556 144
1632 2605
1016 1346
2037 3311
1408 118
108 178
224 482
3022 1823
1926 187
1855 1347
3255 2051
2425 688
1051 3240
2249 3019
282 2617
957 1870
1272 2254
2156 1732
608 2835
1809 1103
1330 3152
273 1919
702 1578
721 3273
1062 970
1239 1756
1074 1091
1157 2801
287 1599
560 1009
2626 1757
830 237
1356 821
912 200
1778 1917
2550 2691
1215 2739
307 1801
1401 2901
1866 215
1659 224
589 1799
891 278
2490 1535
313 2704
1510 5
2359 1175
2117 3000
2951 309
189 1681
1547 7
2560 992
696 127
2211 3110
1216 1869
3317 1614
402 2568
1160 2007
1794 1808
2362 3228
1772 472
2564 1677
989 557
100 3047
1333 1189
3120 1955
1965 1633
1610 1366
1383 1501
2166 2700
2021 2512
1676 339
1478 1460
1636 3327
2185 2980
2885 3046
639 2267
505 1880
817 2526
1475 392
3009 1641
839 1600
3069 1328
867 148
580 1127
951 3159
428 950
534 2816
3165 67
217 374
2785 351
1247 2923
2552 487
2753 2306
2677 119
2945 2509
101 3118
2414 1071
11 309
3025 2756
2718 2808
1986 2657
951 449
99 100
1528 864
496 429
2845 2816
2749 2919
895 1380
1354 144
964 2491
3111 1531
2277 2482
1727 445
436 325
349 1989
320 1150
650 482
2667 1068
1498 1768
687 888
1660 1235
443 462
1927 3068
382 946
1724 2037
3178 226
1937 1822
1972 2636
2931 1090
1563 1602
1836 1724
2494 2174
467 55
2780 1629
289 275
1718 561
683 1334
1575 2933
2455 1633
2031 2605
1233 587
3164 1423
1853 522
3214 81
3019 1248
1736 621
1472 3296
2666 550
814 2692
3212 844
181 2984
2540 1644
2522 1975
1034 2869
198 679
2454 849
3218 692
1297 105
980 3157
1425 1301
1235 1776
2825 2183
2455 2276
376 2400
2583 2658
1668 2174
2803 1101
1679 1354
1257 145
2057 763
645 125
1785 3094
60 2848
3156 1269
2970 1073
2417 1860
3267 1620
786 2209
837 1335
1236 51
314 2671
834 3096
447 2042
1692 1585
1066 263
1140 2256
1178 3024
937 811
998 2579
457 412
1545 1458
657 2026
2067 243
3010 283
85 1564
1784 2346
1647 1476
998 561
2799 846
787 721
2180 30
555 305
2754 659
3055 2224
2701 77
3029 545
732 1221
2845 1353
250 1848
2001 878
581 485
261 3306
846 1431
2228 2446
748 3025
1019 644
439 1512
867 1070
32 264
1586 3030
3066 1426
525 2366
1058 1587
2844 1967
1908 2048
910 3129
2141 2022
2157 1617
2965 1608
2064 1219
1229 2422
2312 2176
2465 3250
1695 1411
3013 3190
2889 1487
3122 1415
814 2192
176 309
281 1011
468 2307
167 2132
2283 742
1748 1035
1064 3213
140 2881
1641 3133
3193 2739
2740 1583
669 1349
1793 1141
1183 1079
2565 29
2714 497
3236 1314
2182 3175
2484 1635
2901 525
1022 1765
633 1558
469 529
3045 2697
2441 2196
767 685
1227 3268
2409 253
15 2883
1734 3019
3118 2727
647 1813
712 2586
889 54
1639 3343
926 1960
1845 173
495 2930
2398 1294
3224 1886
298 1124
3283 469
2758 1684
751 2535
1018 399
863 2622
2021 2202
983 1047
2149 2260
362 3167
1104 698
3203 2471
2647 3271
2531 166
759 1245
2310 2979
10 1607
2640 2722
3244 1453
1186 1807
531 24
1097 1335
1048 741
2837 2042
1800 1885
1568 2189
37 774
3024 290
39 73
2250 1789
95 197
1779 2468
1067 680
3205 743
1628 233
233 3104
1161 1078
1322 211
891 448
769 2850
364 881
4 2533
1567 2034
137 93
1026 902
2749 2002
2182 84
2882 2942
1275 2038
1135 37
3168 1190
2600 3168
1748 2384
2875 1712
2756 822
1829 598
122 2044
2059 3012
664 1168
2241 3065
1176 1751
741 350
2139 1518
914 960
3266 3202
640 2165
2448 1305
1645 1223
481 522
2918 727
34 447
3005 181
862 1084
2733 3088
2972 1506
181 677
350 2639
1921 85
982 2945
1845 1810
2495 2405
2413 2474
1059 467
2766 1707
3335 1262
2947 473
2318 2642
1424 1332
1745 2944
660 2989
1035 1239
1761 3187
1691 2854
2076 1269
1592 2336
2432 1918
1271 2724
2906 82
3199 1049
592 2811
916 2458
877 2913
3059 2821
2028 986
2877 2259
2166 72
871 2462
1909 2713
1521 335
936 594
3253 240
1096 1834
742 1775
1404 1292
2753 1149
2982 46
2410 1726
3042 484
1497 3094
1918 1376
372 1149
1585 24
2439 2569
104 1949
886 2660
434 318
1963 2751
1156 201
1559 61
1240 2011
2388 109
3012 21
377 534
3145 639
1343 1704
3090 193
2256 2745
3186 194
43 1092
444 2716
3279 111
1555 2557
2117 1831
2691 1770
1957 391
2899 2451
3158 1539
1967 281
1961 1197
1063 997
1458 2469
2738 1033
868 932
287 910
2864 585
151 2929
1856 1316
310 518
701 532
3321 2716
2130 3292
2134 2755
2976 158
3344 359
1953 1773
1183 3306
2697 1738
966 1672
1179 1800
435 618
2518 1245
2777 1010
3043 2123
2543 2077
3061 2283
1021 1127
724 1139
1977 2747
1997 1298
1469 1099
2334 3042
2472 2036
1222 2165
684 1034
620 2674
3163 368
1169 493
585 1236
2733 2657
2735 2734
3031 1213
2170 136
814 2687
267 887
1083 793
1220 910
675 239
1617 1334
2976 2640
1302 814
511 2563
1248 2805
1064 2232
1551 260
1886 280
2451 2356
342 1078
276 1780
2489 1526
2882 168
1161 119
158 1397
2793 202
2472 1510
566 1635
2422 1446
1126 2047
3029 2087
1964 1172
740 1518
1216 2418
1298 1884
2401 1812
211 24
3069 679
2165 372
820 1952
1788 1262
1930 1539
957 1791
1430 3043
420 2922
1238 2098
2111 2280
827 2733
1084 3258
1203 1012
568 1117
2681 2078
2426 1601
2440 3217
30 3265
3111 1460
583 1505
1715 280
158 1709
1941 910
1939 2109
1587 1489
1467 3092
1094 834
254 2034
1047 143
2666 3023
2016 491
1792 2216
1773 2054
780 720
1254 735
522 1387
3102 2425
444 1362
604 16
1904 903
642 409
1185 947
3335 2781
2451 1434
1066 664
870 1348
2654 1514
2393 1299
1931 2474
1231 3159
2873 2521
2497 71
3140 2197
496 3156
1577 2217
657 2582
358 2862
1785 671
1803 3018
2720 2324
956 3028
628 1781
1221 2341
2774 1067
636 3265
767 3064
1553 486
1453 1868
857 1998
1119 2474
2117 2051
635 1503
2833 3098
2035 2337
1188 1115
2206 1544
2370 1338
2103 1655
2658 2024
1337 13
2308 2927
1729 1799
70 3125
1962 956
1399 1273
2792 1470
154 2776
1537 1595
6 1916
2505 2155
2067 320
1484 1042
1219 2132
523 2697
541 2422
1448 2132
2631 1714
153 2293
699 95
3237 1278
1484 633
468 2889
2817 742
77 1210
2460 2946
1298 2755
2213 485
1513 180
516 474
2300 2796
1364 1399
3125 209
2779 2072
1632 3083
2680 3128
2041 1292
2059 1469
1039 1648
1725 2500
2612 2274
257 2508
1579 1564
1818 831
106 3191
2566 431
2113 1241
1102 3240
2786 48
2532 2598
474 699
288 2098
1482 3341
608 2213
392 3063
607 3307
964 204
255 1124
1392 617
1990 1173
2346 1545
1047 2314
3034 1068
1304 2477
363 3173
772 1655
3085 183
1774 3112
628 854
2291 2634
2023 3255
1459 1764
2038 412
1730 1637
300 647
2082 2345
402 2104
1792 683
2771 2010
1826 3055
2549 2698
979 8
456 1830
798 731
2419 1801
765 937
820 1137
248 819
3002 1857
1262 1708
2361 579
1783 316
2162 436
985 992
480 2240
1926 1232
1661 93
3065 953
2371 283
333 1659
2277 132
3081 1533
1266 2188
2423 2544
1283 2494
155 1855
204 3106
906 2189
2115 3238
1252 2189
700 1782
514 2328
2719 516
66 2156
328 1180
618 2441
3009 2314
2433 3307
1561 1274
823 3092
112 1879
2639 2570
2406 2699
400 1511
629 1266
2943 848
143 1494
1021 786
2784 1893
498 1365
3339 919
352 1914
939 22
208 1839
2304 2183
3238 1678
936 2590
1701 2039
3295 2565
2096 330
1223 1215
3153 962
3000 3231
1587 1874
2306 2091
704 64
2167 2242
2902 3199
2018 2659
692 211
3214 1264
380 2055
2004 78
725 390
2283 3009
1810 1714
2041 273
2976 1905
471 1749
1533 1344
1877 1802
2082 2725
3316 3044
2342 1783
112 477
269 572
373 628
2450 493
2332 518
1337 1543
207 2082
1847 2992
542 1588
772 1082
3340 2712
1904 1727
422 1539
1915 1651
2473 1506
930 665
3209 3168
2890 3271
1728 1223
593 1899
1231 1219
1739 2123
1946 2926
1133 2905
1910 2974
2506 774
3282 1364
2231 1582
2830 649
3176 569
794 2843
1600 1290
1948 1218
711 3259
3084 1185
1513 684
1175 3224
586 201
1787 2718
1081 3327
1673 402
504 2457
2400 1850
1570 1331
2195 914
2169 2780
696 2706
2035 1645
91 22
505 1980
3181 1441
1485 2186
2347 1817
1370 1489
1863 967
1449 2828
1124 238
841 930
2295 3328
2894 232
1259 3173
1591 1970
1022 762
1621 952
2166 2697
331 2529
1562 1129
1105 3033
1687 3221
3003 1438
906 3336
1688 619
431 549
251 660
1427 1173
3062 117
3239 599
2499 1411
1865 988
832 1426
2200 383
3282 1919
679 1138
3217 1965
2867 730
2380 2538
636 830
3262 1732
218 2169
2592 2830
2744 1878
2003 2547
2104 1808
1256 1387
459 2914
105 858
3207 3341
2055 3067
2539 1890
1763 108
2640 225
723 1111
2111 2177
280 2297
1568 1104
880 1692
1381 1370
2755 2238
1820 3326
2464 2526
653 1471
664 761
2339 242
92 2346
355 1716
1783 2427
2601 2351
2525 228
1160 2674
1351 2978
603 723
2294 1697
126 286
2113 1182
1571 2725
668 566
82 645
2876 1882
1460 547
2743 2701
2897 3226
2606 876
2774 646
1307 3130
3042 3302
3035 1387
3101 772
2204 2123
318 3082
3142 1761
403 482
2009 1447
706 2314
2123 1973
682 2334
938 1462
2690 769
153 701
2893 2087
370 1017
1641 987
1051 1467
389 591
2257 1846
2829 1314
1223 1979
2861 989
611 2525
1167 2160
898 3192
2406 3263
1386 74
1576 685
313 3146
1625 3199
60 2482
2191 2583
1380 2807
18 3092
1556 2136
1494 2618
2434 188
10 1686
698 936
3012 992
2564 2242
771 2437
3240 2661
1734 3006
2168 1418
1249 2761
2834 756
1332 1163
1889 2237
2586 82
2727 1853
1914 3258
2139 3290
2423 879
2989 1800
2575 607
2350 490
258 3226
2675 1802
1566 2285
2746 252
3012 2731
2518 2115
2355 345
2080 678
2630 2400
2333 824
896 2724
47 52
1180 3328
3026 2858
78 3058
1717 1476
2540 1835
446 2978
359 2813
2858 2825
1941 951
1262 380
518 2784
888 1381
759 578
1359 1659
1593 2582
1067 2300
18 184
998 1175
1532 1813
3091 3313
3076 237
635 952
2711 1851
3298 558
1394 2667
2185 1198
3280 2570
2974 3240
2875 2037
3162 1614
3303 2888
284 1494
834 1955
616 2007
1931 2286
1713 247
2958 1238
1480 899
828 100
2933 2736
2216 360
1650 2777
796 1331
2666 1288
3165 257
2737 3008
3323 1913
295 1338
2835 1051
2656 926
565 1856
3342 1904
2454 1832
2244 3151
2390 734
969 1822
512 772
1649 503
931 28
1671 2484
1115 869
1007 572
2908 564
2905 581
1797 276
1420 675
2806 2501
2586 656
2395 2139
1651 2656
1571 2958
2339 1521
847 1985
1408 1367
1276 2021
2393 1709
310 2057
1840 2596
592 2837
1991 303
2543 415
1480 3002
72 1813
912 2989
2737 1714
1362 2702
2554 468
984 440
2953 1457
421 1364
1940 1585
1241 2389
1193 1069
3305 2012
1038 2706
1918 238
2581 2980
2081 2466
288 2197
2153 2099
247 499
2746 2720
815 569
1570 2993
1652 1132
493 54
884 3077
1017 1278
1938 1374
945 647
952 2658
2860 853
341 1488
730 1317
2922 213
641 729
554 3178
3178 2956
2130 63
2064 2942
1412 474
2802 168
2658 1482
660 294
154 3250
1232 2899
3166 3021
2623 28
728 727
2647 3167
2690 2377
2876 2379
714 2848
2353 3324
2045 2871
2488 2661
867 1676
2557 2756
4 1241
1176 1577
3208 2054
2695 2274
1319 2821
2046 1356
2191 236
2592 2643
1337 477
1998 1528
1671 2700
1826 1579
1506 1635
3286 1987
2899 2526
3084 2845
2851 2889
2150 417
1921 337
2557 1585
2172 2686
2782 3296
938 667
918 981
2135 1982
173 2369
1813 137
2336 2176
3169 1738
2044 313
2349 1895
1740 1993
19 1250
1957 2183
2817 648
1281 1562
1210 883
421 2838
1932 2192
1704 470
1215 304
1367 1479
148 3340
2229 2981
2086 1636
1418 1865
2011 470
782 2084
3119 875
2897 416
2788 3298
1566 2126
122 1748
165 2454
3300 3031
2540 57
2875 1065
2283 466
467 3011
1667 992
2285 1783
533 697
554 593
2927 1644
1694 1668
2893 319
3223 1416
54 2204
898 390
2014 2230
2783 1572
2157 2261
2761 1671
246 866
2141 282
741 3316
1709 1229
82 2224
1510 1906
147 2970
621 1059
2817 2716
1835 1334
1018 154
264 1787
3158 2523
1208 2499
3066 9
3214 3215
728 2993
2562 295
2083 2324
3252 3198
440 507
485 514
2235 3347
21 3051
162 2671
2386 1981
22 2191
405 1526
1617 1190
1596 331
1833 2576
2728 583
1409 774
1420 1117
1922 121
1262 2582
2992 2362
175 2977
529 130
3074 2027
2024 99
1482 1626
3232 1556
2957 2383
2765 189
217 401
2979 210
1638 2244
692 1792
1027 1250
1313 1821
2534 2814
2404 2277
3298 185
2632 2793
739 1413
3332 2277
318 2516
1160 2968
1685 1966
2137 1223
3247 2086
1280 3029
610 3070
1488 1347
1814 2411
963 175
2322 1526
2880 1776
1452 2082
673 411
2819 1726
81 3304
2800 3066
1202 2834
2644 2452
294 2450
2443 1582
106 1601
2681 2180
954 1265
526 219
2019 2004
2304 189
2015 77
2913 374
715 1959
378 2998
388 3045
1652 3195
587 1242
3164 1919
1031 124
3333 2788
3088 1340
3333 682
2117 1040
1107 2063
2509 1957
1564 835
1877 554
1059 2960
2133 2050
354 3223
1939 1334
865 795
1598 706
410 135
2972 1312
2539 1461
2233 1196
873 1652
210 2214
1246 2763
2642 3070
1062 2041
1501 1412
2328 1884
1950 600
948 3316
2114 1786
389 116
1177 1226
1777 1103
3309 1194
1438 1851
3016 514
8 2792
2752 3181
347 3226
151 1120
2485 1349
1480 2437
2795 1547
1049 3160
2676 995
2243 983
133 2587
1447 2185
3111 3183
164 3298
148 156
2541 335
2523 2414
2982 1597
706 2213
1195 1599
2975 1452
3118 526
21 970
1077 1995
320 2314
1024 846
3322 2780
397 577
584 2727
137 119
2516 3146
2516 1787
1582 1801
782 2911
42 2673
2538 1670
1653 3314
2118 2778
2225 1679
566 1703
2671 199
1449 2396
2895 2097
123 876
3098 2095
2049 2491
1166 514
2365 2506
1821 444
3187 2601
2066 3306
1648 1049
37 3213
1771 2983
562 1735
3123 905
1488 1889
1031 221
3218 2856
1161 873
3318 1456
730 1844
1873 2824
1425 1156
3269 1088
2489 1454
1062 388
1830 3052
833 1114
1311 1570
1257 627
1345 1441
1397 48
1324 813
858 20
1906 655
2041 2780
1522 3232
649 2932
169 2820
1918 1314
493 2742
2222 1969
3300 3111
1627 2885
2661 472
3170 3009
1940 29
41 960
1269 518
3311 919
2271 1160
3333 2073
1563 2253
748 1767
2766 3302
827 3317
2515 2546
2426 1839
1176 198
864 508
943 2323
2306 2418
1770 1297
1085 1073
476 2696
1026 1117
510 1047
2241 1655
2561 2631
1177 939
2985 3241
692 1782
363 2732
687 1599
3284 2321
226 2455
1803 428
604 2927
2589 1984
2685 2213
1730 3180
2478 1343
1084 1678
1217 672
2288 412
2164 203
1752 1538
1430 2677
375 2659
1313 3299
1296 1596
2975 3027
2898 3168
436 2167
1865 3287
1306 322
1073 1385
3084 49
2096 175
1449 391
2927 1074
1371 22
430 843
1680 3316
1668 2110
1722 1079
2039 3333
1796 2867
2845 468
951 1177
1562 1506
3068 2393
3191 837
725 2632
3195 3036
355 806
1410 2413
1543 2084
1393 240
1284 2107
1327 1842
2559 388
2108 2826
1460 2269
1950 3330
1974 895
1405 77
1098 1201
3322 2976
1842 2342
531 276
2086 1058
2927 880
1071 2559
67 1118
2470 2900
1557 2482
3169 3260
470 2961
201 818
1178 305
2351 550
2105 771
1856 3247
2843 65
2605 962
2579 1387
210 1640
337 736
28 115
2641 675
1895 1019
3325 905
3208 1778
3221 481
1540 2264
93 2592
848 618
299 2862
1007 35
64 2400
912 405
2503 2376
2012 2347
1774 594
480 2064
1155 2571
1571 1176
1199 557
2266 2518
1821 1144
1847 664
654 156
2708 2978
35 1458
1526 1527
1712 2234
1905 3193
1203 3021
1619 868
1380 1956
2351 1748
498 2526
3065 1073
2168 162
1355 1375
1620 2154
2261 2836
2152 1635
3073 2541
1149 2272
412 2092
1649 464
1494 2406
393 1809
1373 832
1565 542
1603 2650
928 1182
451 3061
2275 989
1565 2900
2091 828
2679 374
3193 2129
2456 3078
1211 660
2767 1781
2312 1906
3271 1433
2585 292
1741 33
468 3270
68 110
1262 982
1350 596
1280 2570
2150 2044
2442 512
479 3216
968 996
664 1583
1453 2035
2102 601
2245 2999
21 2254
3004 1120
2834 1537
2335 616
2702 1671
829 1612
812 1000
2359 1645
2812 2560
2000 1238
2660 1547
2785 2793
1636 2408
1437 2100
2507 2276
2 2825
262 611
1131 2266
1570 3270
1222 362
1953 242
2495 1258
2971 2456
674 2218
1986 1497
107 2756
412 3322
2475 402
576 380
1934 1927
3196 2207
2388 619
1791 2711
206 103
3186 1898
3189 1692
1119 2589
971 2279
366 3314
927 986
2652 3216
3014 131
3242 1664
502 2456
2569 2672
2064 2994
663 1781
2786 222
1735 1412
585 679
259 558
1614 1241
1266 690
1989 951
1379 1423
509 3031
3309 673
1745 1947
157 3057
2638 2489
13 3113
2387 3005
1129 2707
709 213
1979 2353
2301 1403
691 142
2952 1216
1129 2864
896 147
192 114
223 774
537 452
1504 3301
814 666
1208 560
1926 2989
2919 2665
160 2935
1509 3247
1913 450
2087 1817
3220 1138
2716 2776
1125 1157
3322 3255
3008 1648
1745 1915
2846 635
2385 1575
2861 3267
1036 2957
2517 908
2210 610
10 3138
1807 918
1684 2628
590 253
1838 1900
676 3202
1445 2095
1819 2606
2747 1117
1015 2954
1327 1300
1880 86
350 1902
604 1446
1869 1166
1835 2507
2657 1307
1088 1111
2120 1420
856 664
1298 3299
829 1935
433 88
506 768
2780 189
3301 2201
3306 2209
2914 296
1172 31
569 1379
2419 1388
378 3249
3313 2234
1622 391
748 210
2075 2076
2449 848
1347 916
2783 2342
1356 1403
2300 2445
707 2809
1164 1321
71 2006
676 2891
1469 1459
1064 146
2597 3220
2827 704
2511 2330
2213 2488
513 1703
1707 2120
2241 1485
1096 2715
2606 3179
1256 521
1306 2526
1976 1629
577 252
2069 2599
2347 2683
2027 1139
1245 2942
455 353
2799 3180
2626 1468
2058 81
1972 794
533 358
1384 2708
1954 1557
967 2117
958 1450
1324 1539
2847 1032
583 1076
433 1808
190 2914
631 2843
1265 1707
1078 890
1121 1609
1814 352
106 1093
3136 3208
2451 2139
1819 2102
1674 366
1748 1572
814 930
3208 2446
1613 2918
1638 389
1710 1215
1879 1973
470 3172
2844 396
2518 849
1944 488
694 1951
421 1416
1322 2869
523 2792
1668 649
3 541
1313 133
822 2206
527 1483
97 2588
198 681
331 251
1284 1067
3172 66
1344 772
1946 49
2399 3105
1819 592
2303 255
379 343
2235 2625
1684 1179
740 2761
1238 768
2602 1094
2316 2276
2575 3225
285 1960
1504 864
2357 1307
1873 3031
584 2115
1225 3112
3069 1546
2063 2046
2286 1202
1411 535
2495 1152
3143 1585
2050 2888
2117 2096
2848 744
112 2191
1997 429
1305 697
1170 3070
752 1227
2740 352
1275 1684
210 2484
2817 3028
395 1677
668 2029
3106 59
2165 190
633 484
2573 2353
3019 1250
1717 3253
2283 1837
12 2462
224 38
2019 2302
1846 2384
2688 2283
1418 2580
795 3091
48 1426
2223 2441
935 941
1002 954
1496 2900
1943 281
292 1665
1826 2145
1970 1717
468 2766
1375 1590
3344 886
725 67
814 463
2145 1879
1629 1152
2863 698
23 337
3225 3336
1467 1150
1380 1152
2606 544
1730 152
3258 1623
1669 41
2727 2809
2921 2080
1177 1829
120 962
2124 312
2188 24
2590 2371
1665 2751
1077 2311
399 278
1714 1080
209 270
98 585
1748 43
2680 1333
2279 1185
1405 2034
2426 2581
2684 968
230 2061
1335 3065
3342 1980
1850 328
288 3151
2111 1057
2254 2319
1601 882
877 3247
3233 785
76 1355
113 238
909 2583
515 2927
2148 2006
2080 1432
2669 2827
1591 2641
2193 1935
1191 227
858 995
1040 195
2256 2402
2039 2210
1036 1620
835 868
935 3019
2224 922
767 1060
1078 3250
3250 920
82 578
307 2360
1880 1217
808 2445
1255 1161
26 1487
2023 1071
384 2695
3147 2463
2015 2231
1535 2705
1200 1525
637 1967
1652 1609
553 2938
865 1299
2146 2693
513 3166
2731 2899
380 3204
2105 540
1560 556
691 1184
848 11
1789 981
1440 3035
3264 1367
831 825
3252 256
2315 2637
625 2763
1099 3299
530 1373
1532 1071
2091 2032
2211 634
849 2896
2054 3300
1855 2014
2931 2163
3194 3207
1161 928
1825 1305
2847 2881
1369 2041
760 1666
617 3021
1439 153
1755 287
3042 3078
229 1286
1950 3194
2241 176
1211 1176
1986 1915
869 26
3207 1769
3285 1861
3343 2556
2170 607
1009 533
2881 3349
2174 1333
2518 2767
136 1880
2143 882
968 204
136 1032
2631 37
2318 2822
2263 286
1874 2245
646 2522
2245 1329
1089 3348
1349 2958
746 959
3314 1404
1012 601
2681 1476
1555 1730
2252 1804
598 168
2505 1191
1854 2659
2761 541
2632 1289
3324 1620
2052 3019
2604 1902
956 2625
554 249
2933 1777
1246 1907
964 1382
300 1109
2820 2344
995 2959
341 2377
401 1689
2952 1817
91 2423
76 1939
2972 2762
2554 906
205 2254
3026 2762
2426 1879
241 1865
3092 671
891 709
1045 386
1274 798
1731 1433
1036 2795
568 2771
476 2500
2793 2612
2575 1151
719 377
2436 3184
909 2725
3226 474
3261 2096
1684 1291
174 68
2843 2098
272 2508
516 1079
1780 3210
3228 2873
1151 58
2316 1395
3228 229
2030 1927
1981 1502
2903 2143
1532 2128
2332 1470
1152 3338
639 464
404 830
830 1413
3003 3046
531 198
400 2473
1732 3036
2953 3160
3271 1283
500 3010
2317 1348
2880 927
829 2669
1324 2870
852 2738
1670 370
1899 1200
2711 321
1716 1474
559 1461
2688 92
1379 722
330 1933
1667 3097
1904 2411
2644 2108
3074 2406
1852 2059
3242 3283
677 3224
2912 59
521 3004
697 3065
2900 535
1576 1671
546 2949
1064 378
319 1015
1476 3220
378 232
2621 1993
2524 2464
3092 2754
3042 759
2027 1439
2828 3295
2809 924
123 2525
1030 694
2301 606
2524 783
850 1685
1196 3082
3235 1450
1116 96
1081 1363
1058 1777
1192 1294
1240 78
217 77
2043 3126
1515 2766
1443 157
1532 53
1927 772
2700 44
706 502
443 496
1532 482
1569 1295
2649 1842
1978 2289
2523 1251
1126 999
2527 2649
1747 92
2794 1083
2715 3312
547 3108
3334 2174
2746 3248
1046 3318
511 1807
2031 2053
3182 1979
1379 1518
2459 414
3247 3165
240 1544
340 433
968 804
730 1407
1310 2622
166 2305
2673 35
1474 1928
1539 2051
399 1260
1375 57
245 998
108 2146
3132 1548
3188 2526
2751 2025
1721 1435
445 1603
1719 253
1567 2642
2492 516
143 670
2934 1974
3342 1466
1352 1697
1601 3031
2276 647
2541 923
2173 61
130 2278
1181 1958
2983 796
1679 778
2404 3342
1875 1291
237 2798
3302 234
1676 1159
1412 1842
1745 320
2057 1454
226 1542
2687 2073
1312 571
815 1919
1520 286
2283 3186
691 3203
1244 3248
2492 3042
1851 2176
3338 766
510 1501
1324 463
2276 2751
1456 3048
1334 1429
606 3270
2715 1799
1086 252
1605 1408
1548 2231
183 2308
3040 2974
1148 1403
757 1966
341 3064
605 362
1454 3268
454 2035
194 3064
1136 1410
1262 1805
758 1736
667 1720
3056 827
715 2306
532 1677
1086 2813
2330 1758
844 1261
923 360
715 3057
3271 1418
1491 1640
2172 1775
2079 456
1493 2731
357 871
3118 88
1451 1204
