14441 1000
3970 6126
6979 9025
377 4282
11622 10020
6992 5157
10462 2805
6516 11689
4 2556
3799 13795
8382 283
13197 11695
3414 11782
4078 2239
10720 6578
7394 2897
10377 3906
12569 9998
9220 5999
10119 4185
13675 1185
9547 12850
9362 13599
4366 1815
7897 12440
3529 8024
6833 3804
11044 8416
13791 7828
10624 2482
1358 11465
6692 7971
8683 6567
8694 12093
7371 11686
5070 13671
9831 2158
9085 9847
1455 10311
2612 976
1418 4142
3191 13065
7858 6698
200 13125
6354 3111
5152 5863
11215 3857
13634 10035
11249 1010
13621 14095
12563 9802
8127 12609
8846 9814
14130 8359
12563 3880
12804 9629
4600 1879
8278 12643
10609 1808
13359 12254
11463 7739
11924 5910
12872 5148
753 2637
7882 8909
11709 4432
6746 1721
13175 13731
9397 8400
14348 4048
8862 8607
6950 7988
6370 10294
10495 9062
1972 1825
889 13786
5128 6544
7413 2277
1653 13804
11747 1117
14078 9903
13758 754
13122 14421
1172 9972
11571 12864
10672 3437
118 9018
9680 1087
12897 5427
3322 13730
8679 11213
414 12
9238 8371
11551 7746
2144 11499
10734 4460
9016 3538
8788 2658
7635 8372
24 9512
1721 4980
7829 4282
8526 8079
4674 13203
11184 11431
3082 8885
4925 4221
8676 5177
1663 6329
11140 5695
3902 8362
4445 4771
5543 1023
13737 2971
13557 7829
8731 8134
7588 10348
10660 7887
11710 13496
13095 12000
7618 4289
12741 10082
7963 867
4867 4085
12804 1530
2657 6576
13452 9113
13018 6339
11482 14249
8039 8651
6011 530
11708 9990
12913 7034
14230 5109
8861 12161
925 5042
2574 2760
13063 12688
9423 11304
1401 6708
13909 6417
1322 1902
6058 3812
8634 11863
5876 7777
3492 11549
11741 4373
7265 10114
8397 836
7883 10068
4337 3723
9688 9221
3227 3317
4579 12922
12552 6914
11326 7710
8377 3308
12346 3666
9488 96
7810 8545
3226 329
11537 7918
616 14112
1010 11375
4337 9932
9476 7739
3609 2059
8219 8533
8613 9988
9064 13487
7495 8448
10967 13629
2341 1600
11455 3669
725 10861
5737 13438
5224 14321
10725 9131
9497 5068
4932 6648
4257 9158
4231 5787
9294 12632
11422 14046
659 4229
12448 13411
4273 5708
2396 5774
3139 1646
12650 11333
494 2725
3194 8201
9463 2725
10452 2045
6125 6948
12213 64
12734 3321
3729 5831
11985 12833
7658 5442
9961 6660
8784 3164
9614 11653
1014 14134
3627 2111
13255 3314
1606 6253
2636 3426
12456 6487
5196 11386
1779 7178
3378 2611
568 9492
13964 2796
13303 3688
10244 990
3503 8347
10261 12210
5307 6895
5017 12200
12614 4107
4671 3828
11432 13245
5386 10317
570 8110
6761 3938
2331 8971
1080 2650
6829 11468
437 1703
2894 167
1449 6807
1562 5847
7835 4304
2178 9110
9559 2297
10653 2120
4578 3019
991 3230
11871 1389
7511 11861
7931 2622
13866 11795
10393 12473
1501 6993
1688 8804
14268 13443
2240 9947
328 13246
4868 1465
3956 11801
2761 9963
21 2677
10479 12255
6914 4767
11522 2550
5908 7552
3447 9627
3833 2644
10513 8843
5564 5411
9523 11611
3979 12490
11102 13115
9954 2683
2880 12367
10833 5238
2013 8738
10555 13368
9925 7328
6710 3313
2265 7467
1632 8732
6200 6397
10246 12555
14111 13182
11907 4882
12578 5404
1297 12872
10087 5387
9009 8662
1459 12446
7153 2625
10111 8928
317 2451
10652 9946
9538 5181
12805 13095
13920 1246
10346 9520
2005 4706
3873 8900
9112 10128
5579 9674
11591 817
6107 13911
2591 12153
5359 6191
10928 4081
12197 147
1949 13543
8395 9552
7997 9184
11980 4124
10448 10501
770 3542
8485 649
6687 7489
11199 6855
2531 12869
9457 6849
4648 12271
1781 2650
550 7454
7309 4318
1901 9108
7422 7562
13028 2461
8198 10870
11536 14438
6869 7062
11723 13501
2262 10603
8900 10210
221 3709
4448 12728
12803 11794
11384 6315
7418 10423
3763 5492
9805 736
10871 2961
13592 11959
11538 3535
2497 11677
12202 7541
14382 1523
5085 7175
9165 9595
10980 10494
11551 13410
12360 4059
10110 8620
10890 10750
10473 7924
6894 9277
11270 7920
2412 9130
245 1259
1097 2461
12513 4310
4529 4254
3489 8765
1985 10950
11245 10303
4034 1321
3264 10112
6255 9216
874 13098
9162 7812
10499 4101
2505 12459
8977 13662
14390 7989
9731 13667
3603 3245
12758 2345
1468 5689
3943 11524
8858 4231
325 13676
2645 3876
1282 7558
421 12316
2307 12186
6334 9531
4522 2053
6730 3971
5190 7347
2376 7225
7713 5602
336 9350
14311 498
1746 11419
12890 5920
7885 6209
957 6712
13547 11113
10300 8953
5514 3859
11905 6451
4508 8735
793 5429
12355 7961
6030 13447
3727 12728
10701 14097
3585 11522
8426 8303
6490 10132
8220 7373
8076 13108
4551 13475
6682 8377
12814 8449
13671 13407
9988 2997
5697 4920
6867 677
4736 5604
8056 6093
6864 10054
13470 3107
12648 11446
1138 2509
12664 10902
12492 9344
11591 4290
4381 14087
1018 8361
1308 8202
3095 5122
12526 6168
787 12345
3892 12323
133 5616
14006 9423
5259 1918
6747 3282
1596 3562
4706 12814
6236 11951
11089 13215
5377 2551
12260 11811
271 13698
11940 9402
3677 13870
12383 10307
9897 7364
5485 4163
10020 2409
8240 8016
11111 5788
7835 2037
2099 12081
1943 13377
9203 660
12070 6377
6491 9982
9989 12702
1065 6462
231 12835
12271 4914
53 785
10586 2739
2573 10414
869 9027
8136 401
4525 5810
10768 3394
3065 5754
4054 6296
1880 1041
7805 11320
950 13768
9368 10041
13364 3822
12036 691
9881 6700
5932 13494
6552 9656
11202 2725
12808 4706
5206 6664
11382 13669
13124 2183
14124 4470
11764 10676
8920 8574
7934 12506
5637 12855
1979 12437
268 13849
422 6040
5076 9780
12987 11229
6373 2185
2521 8964
6433 13746
1723 7170
7542 6510
6521 12172
12745 2594
1461 13650
4332 7600
5539 14271
12683 9575
11673 3398
6413 8598
1805 1959
12292 4793
9153 11472
2174 1660
7475 3257
4218 5983
3809 6389
12723 4332
14162 9211
974 5336
12799 11911
9395 9408
1063 9789
11208 1236
2347 4711
13549 5184
4685 6886
9219 4980
8068 6715
11491 10554
10483 9872
9647 9242
4188 2868
3842 8379
7267 13629
5688 698
11038 10171
8424 10967
9897 6796
6416 3571
10056 4382
13761 12485
2367 2035
102 6801
14037 5585
2024 3504
13662 7183
9878 12614
6592 13309
8117 7179
4844 5042
9435 9861
6498 7593
3964 2424
11973 11867
12177 12926
11050 6012
10998 1031
13526 7719
13235 9008
11183 11118
7931 3254
7255 3078
12935 10363
7630 11868
3408 7803
1466 13789
8576 7430
8795 1669
582 9194
3815 14314
13229 7486
10480 12929
2990 1642
12500 12425
9085 8235
9878 11899
522 5701
5137 7475
5776 4513
12042 2043
10083 494
6567 8313
222 12164
7227 8724
10313 2761
10029 13136
1518 4594
12323 2289
5580 910
13160 2223
11805 3558
10873 5652
7035 1319
7649 7136
1361 3036
5515 10782
5960 12890
6603 7923
2003 7102
8943 1310
859 7324
11901 10533
14095 13274
9640 11265
1065 13543
4782 12541
4865 12804
10864 9091
1389 1974
6896 13706
12002 2148
5597 4019
12454 12776
6427 1734
9585 1248
11877 11220
11818 7356
4616 11389
11502 13300
14365 11937
10491 7400
9095 2227
13468 2704
5553 4014
8432 8410
8156 9783
8881 4923
3369 4117
1879 14073
5306 12805
5450 8601
11643 2599
9001 10077
2389 11139
7784 1389
9525 1693
846 12111
10260 10362
3491 9305
962 6059
11556 3075
6263 6694
7204 10360
11732 6631
10104 3110
10134 7903
10005 544
3618 7673
11076 12396
1783 7996
1086 13021
9946 6321
5591 13
9596 5344
4845 13456
12889 10076
139 1234
1459 10323
7927 13573
8829 10009
4008 4879
8000 4921
2897 10743
4254 5874
8529 4039
14013 7423
9007 12025
900 6929
4877 1284
9358 6291
1299 5631
4248 8897
6428 7843
6550 1812
12464 4538
9702 7229
10074 7063
5771 11763
7289 7184
11752 3142
6778 8903
1715 8971
3072 9945
13882 12535
589 1139
3833 14275
2215 14195
1800 10408
12438 5479
3753 1755
8285 2349
11388 2525
7832 10515
10089 2858
2965 11159
8778 9376
685 13788
10385 227
8494 5267
3251 1631
9195 4118
2310 9055
6467 13389
3096 324
1299 11180
8305 13364
97 6687
2553 10195
5340 1034
1389 544
1616 6920
2688 1974
12626 8707
10985 4142
6840 10105
9221 11193
9971 1800
9478 11465
1843 9825
6095 4360
10203 7049
154 1111
8482 7075
14071 5904
5843 12552
14177 1649
4150 1021
13184 12038
10617 11605
7423 2139
8273 12109
3585 1892
8281 11764
2538 1181
12675 3480
12496 5009
6787 7718
10692 10227
8929 2128
2821 6773
5142 9413
386 13489
9463 1996
4930 1997
8428 3506
1843 12846
6660 10652
10373 10322
580 8895
10133 9743
4360 10791
9253 4265
7806 887
6542 10038
1829 225
11498 4936
9900 1820
6630 5054
850 13032
9966 8928
876 8913
9249 6982
7567 13275
10276 5854
8911 6529
12822 7311
2613 1964
1289 6384
10427 13800
685 4070
4747 1597
1266 831
6330 11585
10908 3184
3082 3678
35 8812
2267 2171
1481 4217
12071 9150
14308 10347
11362 10028
7128 7847
12569 874
1388 11633
10070 3225
12685 504
10486 5795
14436 3438
10703 4248
3371 9802
6542 6595
12469 4753
11082 559
8833 903
8329 2293
13625 6358
4231 2361
11524 11160
11453 14363
13056 13592
10492 2243
5116 12367
12463 13089
905 2164
2038 249
9418 189
7495 3504
2400 13221
10063 9446
5366 3482
12922 7220
629 9954
5679 8465
1660 3254
7832 9095
6079 7582
9030 10274
12715 12498
4228 12452
10569 5993
3868 4642
11779 5435
5589 12862
13398 5628
7497 367
12441 12488
10902 553
1663 9830
3665 5449
2840 8445
5585 9605
13495 4160
2923 10363
2297 5134
3266 14157
9354 13897
14320 6448
11186 13525
10049 6302
8626 5662
4298 8283
8701 11470
11859 1605
13617 12844
12220 2492
9097 11510
10292 6236
9694 11376
1109 4359
9926 5932
1770 11753
6554 6493
6106 10356
7718 178
3967 4335
5163 1898
6398 6770
6743 5500
10120 12069
6674 10948
3788 3052
927 13201
14061 1841
10782 1397
2996 12047
6375 1236
8426 10875
7856 4054
7144 5622
2076 3587
7145 5751
8835 4015
2645 13325
13015 8670
314 8326
13180 2087
9693 703
6102 756
7793 8586
2968 11341
9597 1488
5135 4952
7345 10496
2238 13406
13017 7338
299 7700
8699 2422
5152 343
6373 12967
4060 11974
2377 1728
13241 9449
4888 5948
4934 2871
12312 1106
10804 9253
4469 9561
7068 11360
11662 8444
8383 7253
5493 10422
5014 2654
11515 7023
9526 10836
6857 9335
7787 3407
14310 4529
13341 688
12901 12723
8232 2369
3017 5757
6938 5585
3468 4842
9912 4446
13999 5899
5705 1347
5103 7270
8933 8281
4748 7119
11229 3138
7086 9230
3802 1413
12397 3086
5923 13792
14431 8890
2281 10528
2638 5120
4714 10731
10419 3834
3390 10763
12258 12602
5446 1590
1530 4190
12799 3600
13363 3297
4229 7905
5425 5601
12493 12169
8740 7633
2488 11033
13436 4918
3650 6454
1743 684
12000 4724
4917 13761
13736 13318
27 12864
1642 10982
416 764
8707 12965
9402 1865
2302 12924
1599 9052
13866 12917
4182 12418
9870 5867
2430 7562
983 1496
11955 13530
4243 6699
4614 11665
13318 12396
8621 5104
2404 3369
3687 12737
4819 2428
3320 8385
3940 12521
2956 10285
8692 10332
11127 2335
11122 3090
3082 6667
3156 1297
3810 12245
4094 130
11795 8922
12115 8137
12675 8350
7794 5799
11741 2015
10803 8105
4139 1488
288 9057
14070 6884
1596 5863
12958 4849
7985 9485
9181 10990
5104 7216
11029 5547
8413 13744
11232 1756
8580 8472
1059 1884
469 1133
4136 6117
10543 1734
13037 12026
473 9882
11603 3375
13825 13091
8250 5550
3425 871
5443 4833
1304 9603
14021 11767
1325 9223
14110 10899
4087 2968
