54593 1000
48504 52046
16260 37448
19724 44208
41969 2299
31619 45711
38870 53457
46938 35885
51036 10870
38216 52575
8482 14406
29555 36218
47256 36374
19421 33420
7772 8657
17982 5394
16922 18455
19579 22588
41976 4527
50987 52345
39903 43785
11168 41327
10610 16776
13407 43788
3451 18441
25550 12133
38829 32737
8573 31005
430 37268
12159 21153
15175 30717
49280 14006
27863 39857
44455 49316
16474 13913
40794 2996
624 22556
9184 45918
18016 53713
42215 44707
38735 12815
25611 23668
36622 34406
20102 28186
23412 28403
22276 20750
15469 19686
43943 40369
38411 40005
8117 9916
6413 22628
12126 5180
5753 38014
42663 15330
35168 16740
54390 50821
8027 39431
26750 1599
46800 46344
4751 45980
31682 15738
27876 34185
54500 30411
27453 45994
4967 22092
25163 24864
12917 8686
35944 8181
36625 19486
2433 44058
33183 22498
15072 41495
37545 30192
50552 4006
2619 47802
44972 42031
40965 8682
14087 26882
47747 54454
15340 31803
30445 12057
35552 28121
52445 38602
24469 36162
6594 20871
277 13564
7333 28172
51549 388
14138 9762
8598 30755
23863 10643
5742 9655
36562 21670
39710 52356
13337 9519
18513 37938
26008 38264
17555 31068
18643 12
53277 21257
53974 13315
51685 37706
31087 40580
14402 4307
26873 48005
48624 3606
17102 392
24059 26615
9591 18195
54130 13375
7294 22711
36302 41044
20365 45163
49947 49975
20262 19256
28980 51187
48162 9335
5355 27152
32744 42814
42109 12335
15544 45253
46457 40785
3973 19214
30212 41950
7327 31347
9473 1262
54109 46400
21567 10345
49890 11326
1132 50296
44642 2890
34829 50050
35111 29517
2842 43505
11684 23995
50780 42192
36249 21714
9064 31820
37480 27661
42561 18946
23710 25341
38279 37649
49438 2232
54238 15851
39838 48088
28534 674
37661 34825
39213 33912
1530 26253
44680 43591
6424 15726
51520 19410
1960 13959
19130 14452
22252 4505
53931 36491
50236 32737
19151 24077
30243 27441
19680 13238
22108 31703
43021 5894
29166 36886
40589 50652
22750 17552
22940 7595
45812 17616
13203 37879
33395 12863
52590 9971
38542 32602
39273 31985
11676 17646
39056 32557
3849 26223
21245 37154
5238 218
23932 11219
50238 36880
38852 44429
9575 33873
48676 2474
25264 18867
47665 16215
42923 12138
52760 40073
8256 22535
5567 44960
2713 40396
31849 20541
40431 50279
19415 15513
33971 29082
25281 46569
12509 22109
2343 22372
41576 26004
19474 32092
21294 34189
3871 11027
53724 46980
50734 11266
21074 52525
30292 36743
6350 33402
45093 27615
17329 52729
38141 5663
7505 33973
46813 23403
40796 15363
11036 25086
28601 19579
28787 5491
19978 37896
37961 20738
9704 16146
43058 46937
18203 47260
32747 40845
10607 49748
4721 15038
41831 12761
33303 13262
32363 11963
19361 31535
46494 34514
10247 9642
16981 17208
1944 12599
3896 6779
28870 15614
50400 14548
25627 30407
32835 53343
7550 16804
26066 4579
37868 3940
36773 47050
13342 10634
22672 42492
42015 50723
45871 45598
16815 47582
8263 42088
12902 50315
52975 599
46418 9672
32472 45367
44309 22881
31953 40702
6517 18905
1959 15801
37611 18239
49033 40232
47239 46913
31453 42445
41301 14219
50985 1814
44806 804
14056 15758
19395 52372
50962 39798
28171 22049
34645 30106
3728 37023
43568 31390
41163 13774
17184 24788
24572 46391
48670 47873
40869 3835
19131 2198
40767 43698
4562 30139
50635 54003
26045 20567
9828 48976
37580 20306
12249 222
43364 7762
32328 10632
46762 41599
7064 7093
6557 6234
6740 49827
51534 23916
15262 45324
10435 10534
3221 21182
2042 19384
38816 46409
21883 25490
26974 48991
37566 31541
27106 657
5250 25803
21382 14496
10893 41730
42302 28724
50804 11203
44552 11160
8642 13972
21829 40110
34222 3213
25646 21763
9777 7389
8073 18705
4907 36910
7943 23573
40120 50562
53904 17951
1092 9759
44051 27393
12725 32332
35054 49782
54062 5562
9889 3113
47272 47474
39762 47803
42777 5777
7495 53203
32450 36576
53416 52487
31569 42674
21166 34271
40753 36791
43989 13918
18181 49653
18494 47829
23295 19445
41427 4579
36268 39513
48479 28166
11902 26726
28916 41953
44531 8085
731 53990
11026 41115
27728 52057
9944 30630
42049 47212
40904 26999
34592 4979
13171 52643
47050 41113
32576 7569
38453 21114
36862 39278
50270 42588
16703 50740
29012 15129
32327 19872
44909 11785
2007 27013
10613 13891
42229 44597
18090 42306
4641 15475
52262 21238
48997 53537
12494 30868
47658 20594
11586 289
31250 25636
36293 14703
575 41997
11733 11380
51570 48223
27745 52421
18152 46972
10719 37287
26791 46230
243 30914
49020 1840
6261 15437
7429 19917
52332 13525
25336 3365
46482 40732
36075 7373
47810 16217
8710 54284
39499 33984
5268 47563
20615 38387
4182 4058
9283 36314
23970 12035
46738 41585
15561 33626
47428 18120
51036 18310
23129 25095
15545 44637
50038 38324
53406 48814
17310 49953
34776 17470
7357 26205
37492 34691
19594 54077
9918 9473
4122 6095
2257 24543
52621 27540
19106 27813
6790 19661
34188 15875
39301 7021
18051 9049
20009 2498
18356 8428
21207 28920
53562 8775
28404 14197
16234 49337
9804 45344
29209 5098
657 3046
2897 52965
11485 5182
9420 32067
40442 39301
48063 24909
50031 36744
40209 32427
17695 23434
24115 31441
37597 37701
51146 18856
35712 54453
14125 50113
20928 25817
17687 32440
8086 18250
6433 27122
16431 2095
24374 48326
45561 21818
30941 41828
3567 13721
17821 4101
21845 46622
2972 34908
54194 52794
42733 24012
25249 3722
7062 45163
19793 33425
46553 39515
32706 21953
3308 48664
3948 34952
7163 35868
20981 17667
21728 50453
50 23722
34562 51514
1243 51767
7420 36035
32691 9171
51343 11173
37554 43867
51052 5682
34800 31688
19079 3298
48073 39703
22255 49874
4884 269
2427 54526
895 10289
41686 51683
18399 51454
544 13742
54537 49576
31055 1392
36102 50010
19795 29600
28276 22749
2811 5469
47567 19291
4081 38494
20126 27429
21615 3531
34711 46277
457 40657
15797 40435
50559 19349
1301 1714
40203 39861
5051 773
13566 21392
42450 52202
44760 43805
36263 49215
53675 43148
19357 19779
32896 47764
20645 46961
3665 13322
52255 25036
12383 18185
7801 36060
39306 48163
11807 2142
29715 30598
32858 20559
27192 16592
8247 19425
30640 14053
48063 45704
34353 50439
27712 17020
26486 8434
9199 44001
41968 11061
16499 34383
29352 7441
2074 5019
46661 37679
47998 783
35541 28596
29943 1454
35643 13087
32888 36622
33000 8297
33030 4270
30199 44957
31332 46972
53351 33215
14033 44009
23896 38771
45093 25926
9091 33220
46837 53032
16843 20146
10780 26903
44913 17138
18541 15107
33439 400
32371 29575
39645 50079
43581 28961
40783 15064
8324 2575
29157 4111
47967 39958
1516 33848
25597 3086
35756 35843
54157 4669
48204 43976
42144 31312
46840 36263
48249 24219
53522 18968
15044 23256
3318 14868
25879 693
5525 44057
18497 25627
19685 49544
52920 24966
37529 40544
39686 29541
3610 30451
4470 33762
12700 50751
31677 17152
38483 44091
23624 5593
51682 40343
13976 30975
46317 31944
36550 21134
42044 9878
7216 19457
38617 49162
52563 28456
2919 9583
17511 28415
47549 15116
47684 3051
19839 27567
47691 15732
15301 10155
12658 47168
47350 25154
28124 50345
51649 9170
6422 37963
48443 30475
35172 22170
44739 5534
33277 17982
43126 10380
16908 28938
13774 19791
17937 23816
36374 34217
7111 11865
25294 6780
7874 37198
14389 12541
8786 9295
13389 3104
19701 37259
36439 4473
25189 22826
35533 6987
51097 50629
44946 3065
5670 16783
30983 54233
39380 25881
39691 21123
49336 28343
43667 164
54524 11676
7294 26553
46323 48634
35905 9447
32160 34523
11836 27002
28408 23220
35004 49992
3455 36976
43735 27138
4063 33638
22580 50854
24791 38828
52659 46515
33633 15349
3809 33380
6478 30178
51992 46879
36083 12109
27787 19346
38413 1439
42591 35154
20086 47033
34576 21658
39170 13844
12339 17189
7615 36404
36142 33449
17667 17114
1687 50882
19615 50118
53090 47009
46524 34759
13706 37333
43688 11515
44589 50270
53665 33623
7998 40657
50704 44426
4236 44985
42781 29540
6598 26151
23859 51805
41922 17319
23462 19829
50407 6978
5614 26393
53764 2574
26758 36814
23419 37087
24509 12837
22810 53002
52237 43008
5018 16257
53843 8260
26550 1529
40499 14911
21822 54410
39180 25324
53324 8649
33663 13514
47298 14443
42037 38676
17721 3540
50872 9436
17010 52618
9165 29925
42264 29183
18235 38318
51879 7383
18369 30228
20025 52329
23842 29379
15261 20821
4796 3920
42899 15364
41086 54441
47277 32699
3531 24055
34567 32877
21750 44244
14145 8957
16620 47051
39962 16155
36562 16151
52459 43480
52672 1002
11340 38157
51628 14821
51545 31330
36335 9660
17902 51124
12781 46754
41805 50654
16264 21576
28423 21065
52651 9861
11609 27070
41407 40407
52737 33682
6476 35837
22631 18546
16190 41848
31328 33473
24701 650
43444 41229
40643 21405
48743 3575
50600 12537
51601 30045
30078 22670
7311 30575
10981 2218
16743 12100
7091 27713
48732 46021
54161 30587
698 22843
46310 13687
13126 30114
34223 34727
29383 48748
34188 21071
1460 31291
446 6377
46170 41978
27051 7415
5595 20128
27321 51921
41168 14758
42703 19991
19266 33099
39102 29325
10516 33463
4421 22871
22209 5896
47691 1637
25672 20710
33957 3737
47350 10788
45381 2925
15967 48662
166 12473
26375 1934
23099 46135
29682 17089
40633 42024
38091 21335
25123 24098
10888 33926
23178 21268
45375 19156
33300 33058
32140 33233
1955 34925
9283 35259
42289 40308
36485 53349
401 9929
13881 30970
43284 43073
32567 41910
15995 33510
31146 26563
45066 27441
40146 39617
5504 20028
23229 20506
26525 49031
44667 24529
36695 2136
8701 46699
42839 33256
21172 13702
10371 32033
47072 42862
12710 36950
30816 50975
27753 32175
851 16518
31286 30459
29847 50120
18206 13719
41872 44946
10777 27554
31274 9166
48867 35582
3571 3193
12675 51555
51580 30573
10042 44518
2646 15149
18937 21522
11425 35673
30906 45719
2111 23394
48193 40380
23455 320
10871 1628
52820 15137
22678 1876
18776 38469
41444 14401
34459 10771
38461 40290
26330 3546
34109 52338
21171 2164
4692 12560
8833 6687
7449 35799
28458 29443
48378 27301
4726 18681
3281 32851
26176 45267
13824 4021
28327 14619
30449 41373
43354 48200
23049 9145
27008 7622
34293 23094
10769 19242
30296 22151
45735 940
37426 10429
10490 4605
26679 17907
5963 10564
4109 48593
17600 52428
19166 3350
15428 14720
33013 51157
29186 52570
7223 4883
10413 31746
39598 24090
43550 31556
6674 15463
54363 37399
10936 44122
25029 6191
40488 49788
39899 22166
2594 17883
14862 19364
44629 43527
15052 15728
44873 40058
35908 33729
854 7754
23160 35594
54379 20840
19085 1189
190 25166
14748 30550
47870 11522
24076 15414
15014 17684
25942 43156
37661 44752
4775 20953
37851 35306
5818 31927
27355 17566
45470 10257
19861 49249
42283 47810
50708 17873
46345 42586
45813 17315
51818 27766
34546 24394
8709 18792
25723 36633
45701 52920
29742 12193
33415 15912
53569 5451
11903 8502
47893 11594
27532 34105
49817 53543
54536 44185
28931 14828
21708 30704
40296 42878
26635 14728
16123 52681
12278 39261
51264 28463
25717 19762
27008 25948
28324 40359
8063 53792
47133 42930
51255 53082
1978 18835
42773 44257
8995 38758
476 23787
36636 53310
16220 37978
31100 5028
40311 50761
15018 15023
42530 44041
53378 49924
36768 54523
15064 7855
51996 30733
30252 47141
3668 42975
33991 53582
31798 8619
2632 12315
16968 50256
36155 49167
1949 33020
34508 35130
44954 3748
17532 14330
42786 9775
48623 47236
33230 29493
11176 15474
41704 23069
31002 37451
45280 39791
28564 45785
16071 1255
5740 8503
31841 27623
26437 28959
13191 47227
3611 954
43999 2744
34032 21359
10086 3094
32873 54534
25839 24337
16204 10925
40325 34727
15386 686
41984 38490
32571 18244
20116 32647
20826 760
3092 8468
16118 12590
5069 22539
6368 20751
36591 2158
53565 44976
35178 22800
1233 46582
18443 13896
18848 19191
24867 6538
39481 54193
17841 13917
43904 47503
6819 43314
24688 29265
50842 26947
38679 47200
4295 20291
38940 8104
31676 43497
48552 17589
50316 48185
7251 3471
10465 16270
47765 27675
18081 8262
7033 32136
37958 25553
22256 43979
22235 18274
18912 48373
