1000 6972
452 941
638 951
498 743
662 18
32 219
987 730
918 938
599 727
875 684
307 861
595 157
996 571
777 319
799 548
676 972
70 55
551 855
208 59
778 717
254 63
262 66
438 669
144 797
34 365
835 377
808 273
909 848
412 680
339 505
610 571
263 547
202 234
259 771
960 888
580 384
725 493
896 789
364 13
813 34
85 749
254 714
127 981
207 486
984 498
635 267
263 107
384 773
965 735
151 367
966 761
985 724
161 331
335 188
341 949
152 840
643 403
1 919
511 624
720 522
272 477
339 281
572 141
213 676
567 792
692 976
670 888
5 14
96 600
286 33
771 79
948 484
474 262
622 299
821 676
542 175
23 532
26 629
98 679
767 521
352 294
558 343
275 230
174 991
146 57
36 768
808 665
300 160
317 244
802 611
245 33
40 541
219 273
42 736
180 7
10 326
947 839
956 909
714 725
382 58
123 567
211 913
312 668
726 750
224 333
96 511
12 157
889 599
148 989
96 857
553 127
145 596
872 801
275 281
797 321
279 569
75 800
212 930
281 922
41 105
184 493
996 643
308 760
560 91
328 395
100 811
521 528
520 839
118 960
743 994
217 988
24 31
409 395
814 752
930 471
525 962
988 19
393 202
554 433
855 704
429 293
203 804
366 120
173 489
997 136
866 871
245 403
498 373
8 595
104 531
321 781
610 368
899 220
542 324
428 295
891 947
370 264
60 718
384 987
526 873
288 651
175 744
171 432
163 110
304 559
58 911
798 441
290 582
779 485
364 968
313 455
405 226
741 99
539 484
567 901
225 948
71 538
970 310
449 357
822 804
195 671
757 722
381 992
211 152
511 553
759 304
308 575
570 360
585 610
415 485
886 914
712 953
52 918
883 735
860 700
787 278
467 257
853 14
152 477
743 951
196 438
879 593
883 538
602 582
617 176
304 178
974 221
94 559
440 274
359 204
609 38
262 300
236 25
46 284
182 610
695 343
804 598
908 549
97 513
730 25
656 1
445 902
82 938
91 223
548 717
812 636
4 282
209 15
597 791
902 866
386 894
945 768
784 540
950 583
425 589
92 995
677 418
914 838
621 165
448 194
751 934
300 659
497 228
794 402
393 241
312 128
455 824
552 33
72 828
656 233
998 570
197 768
874 606
114 183
671 446
98 829
270 268
308 692
63 455
996 102
808 295
798 213
536 774
977 855
585 560
17 935
758 817
958 793
569 843
755 354
2 655
539 957
873 118
412 465
56 106
590 55
127 684
15 645
755 822
279 408
681 715
989 508
273 42
918 827
48 170
18 786
838 425
57 705
413 48
834 110
414 606
26 812
453 435
665 921
599 963
483 932
918 17
87 540
157 822
6 530
572 810
934 857
470 942
197 93
120 84
344 937
862 110
615 679
890 920
195 591
225 334
60 754
296 98
200 437
695 384
104 223
492 707
389 610
356 606
341 829
798 999
594 870
249 919
829 465
718 905
93 547
421 584
353 731
345 778
693 16
686 948
456 193
780 73
307 101
560 973
281 237
418 868
46 340
931 241
855 934
77 370
243 546
606 484
509 95
885 488
57 544
366 756
750 339
772 287
928 75
696 913
781 475
380 2
649 879
225 648
211 827
760 959
402 836
540 993
243 126
846 104
805 813
392 918
992 243
177 333
19 196
937 689
257 184
83 422
126 906
343 963
357 511
639 357
90 73
486 60
942 223
171 130
643 153
68 255
143 692
531 351
947 663
796 63
972 646
829 648
276 943
268 863
284 164
187 353
666 407
254 999
92 401
912 287
698 364
277 394
797 338
701 987
241 721
314 192
158 11
29 60
389 937
335 934
899 195
119 68
686 160
292 430
674 624
64 419
668 416
729 781
490 551
481 663
647 366
606 974
809 148
60 89
413 75
39 128
107 231
580 888
134 334
373 644
426 580
916 877
999 488
803 841
527 859
565 348
215 248
350 311
225 139
975 688
366 324
4 764
770 548
701 410
146 820
513 311
770 975
125 374
135 120
742 10
451 160
275 930
305 690
466 469
639 627
472 812
926 371
540 506
864 856
944 188
911 750
193 415
901 180
568 738
769 382
147 796
865 988
617 936
322 368
325 523
111 12
514 397
477 31
588 918
388 970
575 987
582 579
910 177
227 695
959 265
74 180
553 139
926 23
900 440
885 830
787 778
761 515
405 939
865 313
346 379
374 841
430 254
466 789
429 178
536 702
21 924
608 347
53 348
198 383
307 195
586 941
528 212
599 744
854 983
68 366
449 822
548 669
366 537
491 321
891 146
875 184
710 875
905 567
555 334
546 384
96 229
364 844
523 957
110 921
916 422
765 122
775 844
8 432
129 210
86 235
38 17
442 922
161 632
122 607
269 626
490 484
966 590
597 181
775 365
778 996
133 884
150 712
541 532
422 375
669 933
15 330
797 512
123 686
621 763
175 650
332 181
637 224
464 420
864 261
422 738
338 779
343 819
796 778
550 956
684 249
440 168
849 74
646 683
321 888
769 904
157 883
267 435
547 322
221 516
370 812
825 917
530 720
420 674
58 106
494 440
458 239
309 443
100 541
182 769
173 932
291 795
545 262
77 899
885 127
698 435
448 862
643 56
787 494
375 857
454 702
188 391
213 596
209 592
847 826
944 953
210 190
710 679
58 642
230 846
942 526
129 322
571 548
366 226
340 815
685 430
587 496
926 75
580 201
217 449
880 417
713 483
905 284
964 513
954 936
194 530
865 65
557 430
253 322
152 871
808 214
22 151
262 687
581 219
86 610
43 309
151 967
470 406
873 278
33 260
984 265
987 212
153 816
481 805
706 177
579 507
445 827
231 736
649 947
367 776
145 897
177 659
329 118
380 320
240 158
786 187
91 894
978 266
983 472
236 147
670 324
516 118
974 717
138 755
718 954
496 256
792 459
104 51
170 159
279 158
738 865
875 449
995 789
465 961
997 240
238 68
873 94
341 655
102 748
713 140
730 662
616 437
119 819
691 114
237 880
500 10
534 557
306 817
523 922
272 435
710 565
973 200
308 527
201 608
146 577
675 828
52 335
769 896
586 735
295 458
996 69
108 837
668 431
291 962
862 199
492 889
130 969
468 326
242 498
822 561
885 436
563 276
216 455
615 625
314 832
754 128
923 597
433 162
150 982
876 949
49 41
864 306
607 278
17 737
693 148
652 228
460 538
956 386
342 706
974 137
850 481
211 482
578 738
434 267
140 137
140 176
143 285
256 197
143 74
593 514
56 289
541 296
906 612
519 591
762 462
964 746
423 615
635 565
507 577
266 655
308 40
581 75
282 471
235 557
970 417
286 545
571 822
828 508
234 227
868 981
874 452
351 834
614 293
377 353
400 935
825 759
967 184
580 449
664 232
532 960
788 613
755 863
134 661
96 30
540 290
635 322
984 865
313 807
982 208
975 508
684 225
521 245
584 399
327 617
6 723
416 873
198 448
353 290
842 323
285 4
301 592
603 650
983 199
784 380
145 283
885 919
808 504
967 547
431 236
471 585
205 573
952 532
708 50
441 477
776 794
928 62
596 807
152 885
859 56
352 420
738 355
158 227
749 961
20 326
809 460
182 44
329 526
971 650
820 655
279 89
801 40
162 105
763 734
236 540
229 700
125 931
96 765
391 69
768 270
54 183
800 149
148 625
833 654
37 486
978 136
517 301
144 219
610 461
583 647
309 269
308 236
189 753
695 736
787 624
437 226
793 821
777 187
43 833
408 199
153 438
468 400
729 11
446 750
823 315
869 517
12 403
591 351
356 536
421 697
350 819
984 885
893 903
574 77
709 914
310 780
928 986
596 50
844 638
522 697
445 656
100 423
782 251
501 246
831 305
829 323
355 631
434 449
774 307
383 110
374 376
949 629
957 509
520 918
382 714
999 416
963 890
878 921
282 342
5 417
695 24
256 574
544 12
951 504
979 376
124 198
355 966
483 396
210 973
313 548
3 615
594 868
774 384
890 795
192 727
423 392
198 124
280 5
885 268
92 553
357 218
276 733
292 683
439 316
634 72
334 893
151 886
267 547
355 330
606 976
924 292
726 188
791 983
345 821
552 51
204 971
324 791
31 162
955 118
776 190
637 643
181 439
757 775
688 345
397 199
906 691
389 702
245 10
319 429
963 821
750 582
831 178
787 584
757 394
948 816
594 853
335 174
469 276
329 850
69 468
833 787
712 923
47 799
498 575
918 5
713 801
833 847
617 979
786 889
621 940
200 241
742 855
31 52
345 295
959 124
153 275
429 995
278 952
727 129
949 941
684 884
14 75
626 33
785 963
252 40
339 733
528 95
785 103
613 565
863 148
594 482
755 328
209 549
495 82
565 266
144 521
693 788
253 372
523 120
858 40
937 237
438 989
301 414
746 483
13 574
873 460
569 187
812 805
744 487
723 264
817 692
540 283
92 750
743 123
995 507
414 887
606 797
848 103
812 580
177 545
154 800
695 347
237 45
53 293
633 726
630 554
767 824
441 878
696 967
835 525
777 998
263 656
378 776
937 146
996 204
183 105
376 754
928 323
52 732
962 720
74 994
174 726
767 926
69 544
32 484
77 458
819 591
966 204
801 809
868 965
327 936
419 724
908 375
715 119
111 699
484 394
840 397
724 656
760 508
638 525
934 289
367 687
642 91
380 167
235 49
216 328
73 640
106 302
278 673
735 893
168 664
995 938
504 54
467 840
401 867
375 836
636 99
309 616
312 345
736 275
527 469
28 403
467 900
617 341
982 685
483 377
433 517
327 973
869 297
101 862
673 441
451 798
804 173
107 984
713 256
962 378
545 620
645 261
440 142
473 625
798 738
825 167
922 518
629 489
358 663
78 281
402 60
339 12
157 268
897 584
243 311
410 229
1000 435
844 36
734 433
644 90
129 671
706 1000
56 366
125 975
996 717
482 57
842 53
439 9
55 135
143 591
803 967
424 146
400 480
39 195
146 265
776 676
243 417
288 668
593 878
438 206
437 459
647 93
469 83
913 264
282 516
206 840
182 798
572 712
499 62
974 874
490 700
846 546
388 559
520 265
478 609
353 841
161 749
644 586
6 900
414 596
97 793
862 193
67 383
638 412
971 784
302 211
934 190
404 190
620 438
631 846
729 927
472 671
990 420
891 387
764 41
192 792
189 579
170 501
490 727
637 2
262 428
189 778
275 109
656 716
746 125
476 395
808 754
628 917
621 400
981 961
332 82
664 37
526 364
806 676
617 963
852 280
492 30
173 368
531 230
749 370
27 948
336 153
980 228
669 246
688 162
920 331
136 790
980 696
847 748
147 475
351 722
715 138
136 329
914 278
598 310
403 648
674 303
990 158
955 753
85 517
734 54
846 99
715 640
618 7
476 673
35 990
977 580
680 695
53 564
980 474
292 471
108 853
606 180
724 523
541 554
529 633
905 505
405 37
154 737
52 502
11 686
339 443
706 87
767 863
494 670
425 594
681 597
893 599
620 231
831 132
647 175
319 692
410 474
706 203
437 672
151 486
527 366
585 755
358 600
328 136
909 11
805 682
802 852
610 155
473 135
87 999
997 316
159 820
266 455
494 351
552 861
710 609
225 890
13 523
782 146
942 634
106 809
299 797
689 186
233 612
659 81
189 617
92 94
811 885
761 114
987 335
40 299
446 445
584 932
368 31
425 666
46 81
845 919
319 82
289 41
296 111
659 46
492 428
503 439
353 859
483 370
449 125
443 644
846 193
872 720
183 380
399 202
225 546
674 609
294 790
161 2
750 493
670 823
682 261
186 435
98 528
18 856
233 968
342 130
662 728
904 319
764 67
14 332
1 181
578 908
744 130
941 403
402 213
948 739
846 884
996 586
572 348
559 60
218 466
345 164
475 807
272 239
604 845
687 130
639 105
261 418
171 586
374 274
301 299
413 405
41 632
364 435
386 954
85 270
431 651
504 274
880 412
40 963
772 619
59 256
237 600
513 613
805 160
366 283
389 754
181 612
23 899
693 93
838 726
949 918
767 156
277 445
736 619
5 870
986 892
845 905
264 918
389 633
292 71
900 80
920 105
829 15
190 657
668 602
961 446
711 774
991 146
259 716
277 189
719 867
568 817
985 965
114 631
305 329
34 644
747 10
652 314
972 778
705 648
845 442
611 321
174 186
790 917
451 233
604 136
1000 418
621 419
896 503
699 967
139 420
253 602
558 866
70 736
87 968
116 946
691 992
395 661
196 36
653 758
458 108
350 505
234 737
709 44
997 698
811 926
813 117
82 765
386 55
798 561
771 90
462 974
536 258
489 238
110 251
392 722
90 759
626 138
256 646
725 753
808 941
527 578
979 195
763 510
550 277
377 387
151 275
538 485
628 590
738 903
333 740
35 731
120 450
19 492
717 221
506 534
948 613
335 100
582 725
381 303
685 650
134 301
340 925
170 587
788 124
762 636
178 935
812 143
66 409
333 435
26 461
428 729
567 396
268 435
866 931
707 947
960 424
437 543
755 20
55 200
572 613
911 447
842 142
292 206
95 814
243 478
626 128
738 956
906 691
204 118
706 897
66 785
190 530
563 132
488 741
614 962
274 302
774 92
354 84
783 817
218 222
439 563
955 552
936 341
718 546
342 196
336 102
400 641
697 779
330 102
670 121
54 738
920 325
112 71
767 658
566 901
12 172
472 150
81 397
278 892
71 749
812 181
514 261
483 547
357 144
264 862
324 932
875 568
109 695
170 301
852 753
74 701
163 818
616 596
374 797
718 542
839 807
294 117
788 268
43 481
485 764
377 553
177 223
987 847
315 83
259 489
761 66
958 669
983 518
420 120
567 295
583 858
971 268
556 621
912 281
165 284
502 847
7 244
560 388
441 367
808 793
317 766
563 948
93 470
257 509
31 352
876 859
161 795
159 519
730 636
462 524
972 832
13 689
993 623
15 919
814 91
453 497
355 196
918 565
394 311
82 12
146 997
309 125
510 382
734 691
916 596
813 834
210 719
640 100
885 942
662 133
332 861
950 275
802 683
548 955
593 841
12 544
211 618
998 116
760 107
93 55
629 784
936 618
921 47
108 912
752 910
75 628
564 149
144 375
422 91
785 500
313 24
224 95
587 799
78 681
44 180
322 731
206 233
901 700
43 278
174 561
969 754
934 505
252 407
968 857
891 393
135 930
431 457
392 829
786 886
622 663
812 205
210 671
587 372
630 213
396 618
895 506
296 905
680 490
952 941
887 651
216 394
895 135
266 125
435 39
735 119
60 754
967 733
224 89
40 657
83 912
89 925
477 984
257 342
617 422
176 438
744 897
685 76
212 624
748 354
780 958
893 444
924 754
283 699
652 998
991 649
611 747
671 720
694 308
706 676
886 505
493 127
469 196
96 694
32 33
183 603
799 155
245 411
658 890
855 715
353 657
229 876
644 788
274 933
867 795
153 97
500 438
759 243
944 557
187 148
216 903
770 678
90 7
900 727
278 406
450 210
40 211
340 63
246 819
834 244
897 749
121 290
201 612
540 84
294 166
804 9
426 543
751 4
784 822
589 316
114 203
664 824
363 720
482 166
619 61
689 705
468 427
949 396
462 360
873 861
529 643
27 315
313 195
707 895
415 564
980 306
213 557
138 226
580 403
33 840
106 441
730 341
106 719
382 867
245 377
366 247
579 63
598 920
432 347
522 379
936 902
337 88
694 312
803 777
686 604
204 514
848 63
750 89
785 625
764 554
299 586
845 260
613 760
537 379
743 823
438 36
62 354
172 475
713 909
695 586
819 25
989 363
58 442
495 579
54 330
440 616
712 39
685 216
619 550
597 915
778 654
887 814
848 975
682 286
419 691
600 606
731 123
56 953
341 529
63 164
342 329
636 253
98 148
647 854
913 622
115 519
927 355
193 74
8 877
705 376
536 97
859 89
600 488
470 329
233 177
976 570
265 544
379 662
528 32
184 846
35 98
448 539
633 880
872 685
223 822
368 162
15 95
957 236
14 788
634 917
299 277
293 421
766 735
559 221
176 87
823 565
369 391
200 55
321 731
197 447
580 714
817 191
882 519
537 552
197 928
108 723
443 172
214 269
20 574
722 234
904 257
584 103
299 627
627 654
371 517
797 312
99 79
51 459
273 291
526 247
547 173
120 36
69 587
963 994
172 828
673 705
562 179
915 597
210 548
949 19
771 81
402 614
749 505
511 688
146 992
685 88
17 405
697 946
71 277
420 831
520 397
220 472
774 481
641 83
667 23
694 45
769 500
732 785
776 322
618 216
162 379
462 3
14 959
12 496
98 186
663 788
56 260
808 335
764 838
533 656
350 284
453 999
295 372
867 581
185 220
890 231
782 746
570 424
509 301
6 986
972 300
257 976
819 347
641 29
844 146
976 144
328 274
808 116
392 797
969 877
966 974
771 635
71 1000
257 183
221 858
841 608
610 673
160 364
304 339
945 356
734 562
863 961
86 620
203 51
793 240
254 208
223 274
54 746
38 712
22 171
257 565
142 626
103 934
73 176
123 977
199 3
832 473
839 184
539 247
488 270
530 448
167 957
310 454
713 633
827 655
228 29
422 630
729 294
175 936
462 667
93 318
836 465
378 645
836 398
749 789
954 599
483 150
143 694
598 42
123 629
405 647
298 941
240 740
507 642
726 275
506 514
748 932
828 813
845 119
413 704
523 501
632 93
10 349
346 10
960 159
326 691
958 648
528 321
45 276
809 275
777 372
748 327
30 494
111 86
990 952
932 804
452 567
138 217
876 458
483 205
395 796
631 240
278 938
228 546
286 994
533 166
429 968
324 84
7 807
964 301
927 125
96 520
106 748
309 209
106 553
354 650
772 9
824 219
603 59
187 801
289 72
738 931
742 855
518 228
950 501
678 663
491 891
943 498
277 804
514 517
497 508
86 956
17 470
433 185
21 500
15 295
518 660
769 537
296 963
436 264
665 993
446 965
935 272
854 278
345 696
72 641
701 226
878 401
34 939
305 720
700 722
783 434
250 475
948 923
929 138
983 851
837 447
874 97
485 724
23 92
467 975
148 975
326 144
989 383
481 777
981 620
821 749
179 290
853 258
541 945
797 762
103 93
752 686
304 990
63 675
318 838
545 250
194 769
278 547
409 885
466 685
544 221
870 290
118 173
109 848
26 742
965 881
574 88
541 290
529 880
148 107
793 164
676 713
22 130
611 227
62 697
282 779
633 475
23 992
192 807
372 444
977 838
56 177
963 350
830 832
110 921
626 921
286 868
565 449
789 919
190 147
212 490
685 851
961 244
40 596
171 408
96 694
239 2
634 935
996 185
693 191
548 652
568 803
625 305
635 790
764 7
284 247
714 752
537 477
718 823
41 172
437 251
78 73
146 998
405 632
963 914
871 398
466 597
662 719
896 690
349 116
601 250
553 217
773 228
814 879
910 64
652 759
176 341
333 46
245 370
780 900
457 69
712 692
290 61
381 899
357 616
241 497
723 925
768 514
662 377
395 765
383 516
676 867
585 511
411 55
989 469
130 119
498 14
971 493
447 236
264 549
250 447
902 179
993 373
105 664
652 819
74 631
628 679
625 208
545 337
463 334
263 190
791 321
859 203
655 921
912 80
783 748
657 85
881 933
952 331
855 655
526 11
19 177
868 673
868 590
599 271
175 101
945 160
847 852
882 22
343 312
877 517
445 419
547 401
906 996
344 832
185 803
312 451
256 905
981 337
39 853
78 862
40 651
488 129
380 971
488 376
226 809
887 5
346 161
749 109
424 723
591 351
250 343
44 951
600 478
149 238
23 728
975 953
725 135
756 57
886 531
694 996
516 171
261 872
566 499
688 321
321 98
861 822
19 740
917 532
114 853
137 476
288 747
401 569
962 656
878 860
821 255
7 161
215 180
329 709
768 599
703 826
841 368
88 842
522 955
891 237
428 119
251 342
819 749
229 35
384 315
55 952
520 425
392 275
774 420
649 819
85 460
944 881
551 827
88 458
684 583
254 36
181 448
499 532
548 639
28 577
957 418
339 368
416 606
353 228
13 388
561 753
358 635
558 637
976 961
327 379
819 21
957 676
730 852
557 996
707 547
836 525
882 659
813 531
524 953
918 98
850 279
683 846
673 609
442 11
536 141
357 865
692 846
348 608
593 798
42 326
510 80
63 323
514 785
29 626
149 946
5 227
610 509
852 147
577 266
62 837
869 559
688 742
591 418
435 802
374 913
753 325
918 325
247 852
442 697
760 750
945 489
68 765
145 332
547 558
656 935
380 476
29 143
273 546
360 179
312 221
43 161
809 683
112 542
270 751
305 833
701 918
106 644
468 335
129 329
564 648
13 4
998 47
51 984
200 906
279 307
222 737
337 118
34 651
816 255
783 482
981 693
325 719
310 218
81 652
583 857
154 331
242 828
880 975
139 713
235 93
55 469
56 192
659 852
20 807
949 987
889 558
617 424
242 609
518 577
512 849
295 835
959 103
288 721
868 627
921 193
730 325
979 723
552 1
582 401
690 588
836 848
153 694
382 504
524 331
236 472
6 47
268 769
44 450
426 508
84 280
558 320
746 119
482 956
85 413
771 310
287 375
811 694
509 634
490 731
660 139
966 280
324 732
254 532
605 777
711 86
203 679
452 143
404 745
763 591
890 5
915 491
902 853
192 854
657 742
3 729
91 658
214 326
435 811
571 901
757 245
412 299
324 376
835 346
426 801
404 207
943 20
497 254
347 293
381 546
879 707
544 345
226 348
975 977
985 113
153 592
605 947
677 116
551 64
661 389
456 271
538 700
104 735
567 283
634 296
29 662
237 627
890 170
953 879
809 65
856 912
818 353
990 290
101 498
941 6
336 333
459 648
990 864
761 111
777 198
49 193
657 917
503 886
744 958
594 983
72 388
390 853
108 990
811 331
242 30
71 145
202 951
90 361
993 941
328 679
762 357
66 479
612 568
924 928
782 527
758 487
156 673
402 752
808 825
58 646
104 117
641 376
88 623
97 592
834 258
37 99
993 735
232 822
775 194
487 378
895 385
311 146
371 363
782 555
349 541
910 216
538 703
91 631
820 995
910 4
91 708
995 237
727 246
931 116
973 898
34 231
555 289
619 828
193 778
61 31
301 259
347 443
386 145
978 348
731 423
652 381
418 156
566 249
223 849
403 843
989 311
501 100
600 25
22 194
949 396
442 55
521 552
631 379
960 525
369 27
24 694
53 912
946 149
166 17
775 849
760 646
481 365
843 331
14 264
432 787
55 254
953 740
442 790
515 681
915 301
442 978
999 443
1 105
493 360
321 920
411 274
108 173
748 536
737 145
389 218
681 259
725 151
216 53
215 703
808 536
794 724
153 259
821 730
19 453
308 172
191 571
978 82
298 438
968 246
161 487
944 79
209 317
725 763
537 478
879 505
421 859
843 824
567 901
125 403
56 777
893 985
555 779
665 703
477 231
878 956
919 498
914 890
66 262
474 921
263 352
307 987
681 67
842 316
229 557
566 509
764 943
49 283
687 717
557 335
921 806
521 386
764 900
999 228
502 477
102 278
536 810
49 726
62 856
868 145
912 251
254 108
614 395
635 849
843 705
623 830
862 233
967 257
313 706
939 51
311 265
390 724
463 637
798 94
792 90
227 965
736 201
187 59
766 158
481 785
235 406
660 727
743 527
717 103
304 109
339 225
944 21
564 566
962 329
856 655
1 278
639 226
521 152
889 772
857 995
719 749
152 793
180 634
266 750
31 960
876 935
55 35
1 278
889 87
941 647
744 986
512 847
755 845
219 290
332 420
300 223
777 609
819 500
126 190
532 213
525 121
758 945
853 198
481 11
806 106
990 217
966 373
232 693
626 397
57 296
938 419
470 467
199 655
189 917
282 55
829 982
600 808
486 316
686 979
548 458
805 545
771 560
892 767
334 699
93 40
834 499
537 911
622 557
318 259
811 211
931 202
754 582
829 891
296 249
204 139
597 77
512 969
188 879
220 957
604 418
825 952
614 18
196 215
866 8
99 249
650 757
112 3
405 861
847 794
952 265
961 364
227 668
425 3
515 100
145 521
369 239
839 631
943 335
831 694
712 12
340 223
518 781
151 763
627 259
455 900
787 248
185 404
603 213
568 159
18 684
447 900
327 231
917 420
571 266
818 441
297 818
500 923
700 74
996 262
604 2
950 688
483 458
607 696
481 40
838 582
627 79
603 372
882 16
329 333
322 122
273 899
559 617
345 540
222 200
679 501
796 950
668 960
900 686
184 299
323 564
696 658
921 38
582 54
951 903
406 819
372 234
972 261
75 22
743 682
812 615
587 537
888 265
81 105
419 457
409 403
469 960
336 186
814 984
28 937
294 831
786 843
94 284
193 30
459 416
486 652
57 642
320 969
665 311
118 535
165 667
882 188
288 792
750 641
304 23
963 898
755 202
214 768
575 116
729 352
887 32
637 494
168 526
796 267
998 129
895 889
869 239
592 7
575 758
58 434
573 258
907 889
497 210
869 893
687 427
941 840
886 756
650 736
641 897
176 995
838 571
531 490
351 449
160 403
959 570
412 512
844 471
822 319
409 126
407 783
338 263
732 629
370 988
461 912
41 895
100 196
36 408
741 488
153 672
917 393
891 900
918 279
8 459
417 484
884 226
715 538
20 954
25 132
102 135
413 809
94 159
864 294
420 659
667 612
894 73
440 854
280 504
161 956
586 136
993 935
968 392
451 67
953 339
952 605
456 659
835 927
440 678
934 932
646 295
115 440
370 945
487 311
739 813
688 39
757 225
447 108
928 91
335 6
306 145
142 598
964 766
554 564
840 466
964 705
245 283
588 810
547 483
557 984
476 520
388 734
130 428
253 45
892 683
954 579
711 556
91 507
825 104
654 30
16 211
358 66
908 675
601 856
980 171
893 153
819 261
556 217
69 556
560 537
870 900
795 755
51 926
139 23
645 820
137 706
553 248
20 64
27 662
168 968
328 720
654 595
470 134
766 831
529 321
326 430
954 760
38 997
695 869
565 237
789 938
279 487
729 22
776 883
40 236
539 37
514 776
463 936
521 732
7 428
470 575
375 221
936 125
368 342
554 502
631 228
775 502
465 720
366 964
441 900
140 535
263 418
193 111
169 701
588 238
586 545
463 605
326 865
551 606
713 277
417 767
276 812
864 460
814 23
271 928
339 910
241 525
375 415
565 44
438 768
435 933
279 573
160 689
100 606
201 37
33 442
208 654
556 539
271 792
893 418
208 605
753 123
203 328
946 745
675 881
882 93
570 424
763 624
466 356
410 426
505 379
256 577
795 132
1 472
435 644
570 943
694 302
660 792
424 874
893 827
231 910
276 708
330 162
16 378
213 997
887 846
339 305
431 658
943 74
539 115
200 13
71 965
152 36
386 576
116 386
317 829
151 425
962 526
765 287
548 149
532 524
816 304
483 180
99 901
591 514
869 29
695 952
883 830
404 115
503 197
499 642
714 463
360 806
799 207
309 549
777 521
718 622
77 334
124 136
755 402
109 808
749 787
410 779
297 601
673 168
397 658
705 366
684 871
464 263
345 366
655 546
861 678
437 282
107 831
405 665
182 695
703 522
591 379
556 681
452 13
684 108
639 83
43 745
853 577
213 65
581 986
780 241
822 57
88 685
624 125
150 104
579 13
799 529
816 978
278 595
407 823
932 657
468 109
493 434
46 519
79 73
12 94
207 276
501 172
486 866
783 58
620 490
656 896
970 457
950 182
432 612
444 521
821 862
862 597
324 454
342 577
364 449
53 326
704 454
664 489
110 780
174 512
341 475
839 778
963 997
50 652
601 758
81 66
855 348
260 559
10 735
884 45
704 743
157 571
928 403
853 498
565 705
484 128
342 900
715 447
75 729
498 100
585 412
125 644
132 261
349 97
536 515
65 988
411 690
491 699
745 490
283 105
701 406
328 80
217 781
382 323
68 506
998 290
689 52
139 468
509 834
134 73
689 465
249 508
84 366
255 924
665 644
596 714
711 681
202 205
112 385
739 787
772 340
177 473
373 59
757 925
18 673
609 707
139 937
374 377
577 124
780 816
647 803
212 755
41 100
762 820
192 742
92 353
180 618
190 627
799 999
848 853
197 374
891 794
589 959
498 55
481 995
655 833
236 540
637 788
863 130
288 49
59 580
277 171
185 763
554 735
495 322
407 774
894 30
903 449
707 344
196 143
126 374
209 549
171 281
619 122
568 344
251 572
471 15
27 769
473 319
801 233
243 65
283 233
825 710
366 360
181 923
304 61
557 983
340 539
124 780
811 960
390 582
895 396
779 201
354 133
567 443
768 602
986 57
754 761
678 326
610 982
711 139
336 721
326 198
763 793
920 860
534 521
306 997
237 327
822 326
8 683
854 815
248 449
920 50
322 995
466 762
997 61
644 873
191 141
915 598
101 472
327 136
979 148
835 205
425 296
910 745
322 511
905 133
428 598
952 478
168 911
634 510
472 286
149 235
460 766
319 829
596 697
5 313
454 164
656 936
279 287
643 488
943 744
611 674
935 186
28 160
551 349
913 351
863 920
632 125
212 911
869 189
134 303
723 63
70 856
382 856
67 247
793 933
805 311
638 91
287 549
371 519
606 847
143 52
306 315
973 835
748 283
805 300
185 254
791 644
848 333
900 543
130 7
236 317
421 791
308 122
645 189
654 82
897 851
100 597
588 465
445 866
501 692
834 286
656 392
635 32
327 368
815 972
362 764
885 822
298 435
766 54
616 189
908 282
484 826
219 698
823 27
167 118
732 837
837 349
363 474
329 110
405 447
527 748
655 821
91 353
112 110
766 753
244 252
627 311
438 605
744 317
876 74
30 186
447 459
340 882
389 456
193 991
228 87
654 969
110 488
106 890
524 346
834 650
808 642
273 305
601 992
818 668
267 732
440 420
274 867
714 589
695 952
904 46
348 372
587 810
758 920
463 377
410 160
550 612
729 8
739 999
373 469
421 171
483 609
287 655
476 324
704 766
363 464
132 972
386 920
282 784
109 292
918 862
463 317
168 299
502 116
597 464
684 295
496 16
909 180
477 901
113 342
425 438
839 207
513 233
744 255
12 108
273 982
674 318
309 122
428 998
221 154
765 27
725 423
74 274
944 347
560 230
406 799
688 710
948 912
37 593
893 895
104 8
424 490
935 410
193 457
377 196
843 194
337 686
572 434
422 592
301 653
314 664
719 715
494 846
565 289
448 738
959 785
967 790
131 517
535 411
7 420
759 273
527 914
955 353
552 682
932 512
854 957
865 919
696 857
65 126
144 603
292 425
917 138
930 550
818 963
807 73
118 507
800 162
591 462
828 616
57 83
867 745
42 274
79 521
368 129
227 855
149 865
903 834
51 847
854 306
527 162
448 778
924 519
535 189
964 522
112 32
656 13
494 569
590 670
922 942
742 186
511 705
674 678
416 645
686 318
861 677
277 703
861 671
388 844
197 337
885 738
513 153
693 731
117 523
170 632
625 474
698 455
466 532
422 121
408 444
267 720
552 827
14 52
742 275
52 646
744 697
589 578
802 693
544 59
379 928
68 427
674 577
361 140
745 490
781 899
535 994
142 337
191 672
921 731
901 685
840 428
47 298
62 579
204 108
898 69
38 45
840 238
91 926
646 436
247 901
581 232
917 531
492 716
589 592
283 322
197 26
10 691
120 801
147 222
52 419
569 73
59 494
498 248
837 275
328 233
420 319
674 531
797 76
635 977
361 520
914 850
967 970
341 377
102 810
245 867
435 424
885 935
478 349
672 708
604 253
483 140
560 249
104 75
515 334
686 289
816 505
418 531
855 382
229 8
973 360
274 67
899 890
111 61
891 460
387 926
822 613
496 695
496 298
833 243
457 234
603 904
74 313
768 822
819 401
897 597
826 907
549 15
43 870
42 877
874 751
487 60
618 441
360 762
536 370
260 57
485 894
475 818
226 375
287 306
496 325
173 532
102 499
552 522
524 142
296 178
745 325
586 429
590 749
249 325
334 408
238 612
221 230
371 717
106 254
373 98
880 112
236 589
562 691
990 475
424 702
239 629
559 475
596 900
810 844
144 504
859 761
142 10
742 980
781 213
657 818
920 652
754 184
466 121
344 361
287 364
903 16
839 958
520 846
242 395
54 599
702 663
443 825
697 149
709 496
671 573
316 983
339 1000
888 90
619 545
337 194
99 304
739 409
106 886
86 852
810 840
256 265
558 659
938 516
855 398
815 487
998 657
419 942
970 196
819 943
651 718
85 791
440 205
903 721
870 936
549 32
514 575
781 641
155 109
214 93
47 295
310 999
193 78
472 895
865 299
542 196
800 653
129 910
132 635
161 541
517 523
251 225
443 342
669 865
946 2
472 769
275 672
535 560
47 941
531 922
839 783
295 532
534 424
235 980
535 971
253 551
77 151
161 944
248 339
49 875
712 484
869 39
583 549
801 14
903 227
984 118
711 688
129 478
115 424
48 552
109 214
289 155
696 605
207 728
946 471
825 355
714 156
227 559
5 581
229 89
585 345
139 927
770 658
357 748
437 985
207 524
960 389
799 23
804 761
90 417
892 884
632 32
902 125
488 60
789 389
96 88
389 871
670 629
968 734
631 661
672 720
230 687
460 459
709 64
160 76
116 908
276 790
824 867
403 150
168 888
730 890
168 28
957 375
355 915
399 370
519 171
74 702
119 114
24 953
913 161
82 83
802 769
690 570
802 794
691 875
300 965
844 526
318 441
761 732
868 30
423 898
286 269
341 410
544 131
105 89
740 379
150 602
231 867
832 12
184 373
506 575
775 487
446 445
777 417
39 815
959 213
813 354
985 986
130 496
714 672
315 803
116 689
508 810
805 476
33 288
291 903
100 207
732 998
779 870
486 51
798 82
153 21
960 406
189 68
365 389
747 664
690 182
293 778
948 392
96 796
660 98
638 71
939 390
584 130
237 487
730 350
304 877
251 322
746 321
529 660
561 737
15 312
123 309
572 940
624 184
706 621
207 16
75 269
955 586
642 924
435 67
658 197
953 699
929 902
640 906
617 885
198 1000
739 871
834 165
469 558
598 732
489 773
394 23
90 649
751 997
9 825
231 230
924 625
106 554
99 326
462 88
60 585
491 464
961 710
303 358
821 969
981 347
756 834
203 77
689 663
957 918
346 611
489 136
538 201
744 158
968 826
848 720
441 255
849 24
63 106
647 424
626 291
821 415
579 847
621 204
708 73
51 335
965 5
478 817
206 713
781 321
454 211
332 325
874 570
66 680
827 233
128 355
693 81
221 855
113 600
235 179
430 870
398 165
683 539
976 700
96 513
146 960
27 464
383 564
560 134
441 420
331 425
711 568
937 583
308 28
97 536
28 371
958 705
414 405
764 655
159 632
748 848
626 369
698 397
396 922
109 983
672 770
457 198
194 650
428 505
82 362
955 490
697 893
490 143
155 910
982 868
610 621
569 528
466 646
675 959
471 121
96 642
56 264
363 582
110 638
73 98
767 594
272 951
360 460
204 833
675 276
476 790
367 146
106 990
245 167
759 676
973 934
964 421
574 459
801 278
316 158
924 27
520 261
997 513
872 52
435 896
215 42
191 717
743 312
910 401
359 470
242 847
784 883
391 810
211 264
453 647
237 270
202 594
675 210
590 788
580 178
774 679
123 999
444 643
989 246
677 520
678 288
632 208
720 711
806 973
775 394
757 203
960 353
858 682
129 915
182 723
408 288
552 96
712 19
96 3
566 813
511 663
600 651
692 668
948 240
591 445
172 724
983 471
167 814
709 190
925 77
934 972
250 859
951 357
315 134
227 461
897 975
98 676
280 1000
679 814
218 642
546 888
988 999
280 8
700 665
646 895
529 650
972 625
123 443
987 654
50 351
362 167
962 521
397 289
675 903
721 403
466 137
930 429
160 940
242 678
769 668
923 147
107 770
867 422
763 669
36 910
245 363
880 684
298 975
60 974
824 493
126 522
824 410
908 419
719 399
332 463
888 663
898 41
574 520
455 280
209 641
55 913
792 540
116 887
690 272
690 837
167 411
360 369
932 858
431 261
822 34
224 232
294 479
674 383
126 459
211 355
796 812
394 266
642 756
989 268
896 310
644 406
925 808
74 793
775 454
548 374
323 60
750 212
421 39
610 827
242 392
944 663
389 684
384 893
533 98
705 293
564 130
539 91
363 689
55 319
376 238
874 601
112 174
146 382
712 937
878 42
309 319
558 960
493 524
796 528
491 400
756 122
402 960
634 841
940 925
46 279
276 862
412 701
871 288
170 18
791 962
990 279
582 243
775 720
189 350
829 823
527 899
97 656
165 493
819 702
658 612
308 274
901 504
345 535
19 574
976 906
449 459
946 797
313 278
749 688
63 752
899 140
155 369
808 689
285 839
390 163
275 881
450 981
241 958
371 669
524 467
827 1
940 584
487 614
473 852
765 592
963 268
365 324
645 330
628 363
394 687
451 198
921 271
504 761
732 100
800 702
468 456
350 200
639 251
875 728
80 390
580 571
577 699
754 868
440 848
684 355
141 932
408 885
894 668
139 501
684 53
955 94
634 331
36 474
931 79
99 113
829 151
201 151
914 157
512 573
160 510
748 650
25 498
803 325
171 548
574 23
447 769
545 925
235 833
425 42
435 581
659 628
508 986
51 899
523 450
21 560
519 391
509 85
343 197
401 332
668 656
488 680
780 756
396 22
798 362
759 208
530 999
923 513
409 960
169 503
541 538
752 515
170 867
952 380
324 945
394 566
608 265
621 938
220 843
962 747
879 624
581 703
139 384
47 696
258 151
709 136
667 282
171 79
827 569
833 887
796 131
84 847
377 727
269 285
224 678
277 781
3 835
449 512
794 132
26 254
24 973
107 351
47 812
995 182
13 431
902 468
20 625
109 866
644 964
226 995
546 904
116 304
363 680
542 91
834 999
148 689
765 421
188 928
129 658
170 246
359 724
63 963
587 298
425 787
12 644
741 624
96 61
169 65
608 100
782 214
487 552
690 665
481 291
929 654
69 188
933 84
783 240
501 445
267 706
721 552
317 898
935 423
140 823
321 331
544 800
289 850
811 203
666 467
130 787
790 522
506 437
710 100
822 184
134 998
897 122
783 516
8 73
241 733
431 31
625 453
127 336
487 132
291 586
590 205
452 240
794 94
798 463
535 413
481 5
531 615
497 265
408 592
99 69
467 56
389 456
87 857
74 780
85 821
175 77
318 226
448 81
754 186
34 442
45 191
600 824
66 483
769 762
162 542
795 398
122 14
430 131
721 370
350 438
131 265
984 247
456 992
887 881
100 571
715 460
807 701
5 283
710 324
820 924
70 688
36 629
756 529
73 902
592 504
430 899
371 840
680 483
248 982
334 679
766 59
631 390
415 689
370 347
706 612
790 858
461 71
175 617
422 581
188 517
143 906
523 372
857 793
823 12
964 1000
370 811
516 732
349 994
105 256
830 81
914 378
134 880
139 666
99 240
689 614
674 820
228 98
731 552
694 600
706 635
246 459
713 139
432 598
534 855
685 328
534 164
557 667
526 560
499 975
865 328
884 45
287 719
134 395
74 77
120 608
758 423
349 315
253 586
164 634
818 249
835 394
878 59
10 128
741 845
533 776
159 177
680 226
359 34
666 90
806 324
694 471
796 404
621 718
29 436
865 616
320 564
456 483
490 121
166 788
825 466
216 979
8 476
563 853
340 441
582 72
551 90
821 292
727 79
88 741
311 97
517 464
114 822
458 166
229 36
299 78
29 592
380 596
524 945
676 829
474 689
140 378
55 403
126 878
189 498
191 267
589 670
943 516
359 489
451 169
196 204
174 871
727 249
382 265
454 219
182 320
784 616
116 498
774 659
266 368
252 737
519 756
938 290
253 868
1 413
158 681
219 830
201 131
726 156
997 567
255 740
42 263
114 236
657 837
846 914
580 261
449 811
776 532
932 244
879 155
69 173
874 987
886 449
341 786
576 47
375 488
181 419
8 566
991 996
326 786
642 169
176 966
448 271
833 269
707 833
905 536
382 301
469 297
381 138
529 182
775 170
96 964
792 807
698 67
606 905
792 608
200 192
272 371
794 951
128 491
563 408
507 917
212 428
732 850
177 379
188 199
762 751
636 796
718 515
634 904
632 512
519 707
206 382
194 994
462 828
393 557
927 876
133 86
958 848
795 812
617 786
524 857
898 503
47 199
70 290
358 783
800 200
592 217
895 243
709 543
71 592
831 214
782 689
565 275
917 824
813 137
854 482
907 22
270 840
92 97
630 67
159 36
678 372
819 205
324 126
433 514
881 377
358 737
334 988
28 346
759 873
672 581
107 188
573 516
860 780
386 839
617 995
482 306
813 485
217 377
309 95
318 266
749 875
998 325
519 755
826 728
634 328
452 96
411 395
863 355
96 542
599 390
692 44
75 95
44 108
256 675
614 859
122 302
697 961
682 977
928 48
670 62
888 427
536 517
631 730
719 452
704 66
737 119
424 688
921 935
255 382
307 236
935 977
231 75
98 56
569 906
609 905
970 681
199 527
210 405
4 264
665 27
917 626
607 4
403 984
386 260
992 570
307 282
755 451
846 651
716 908
910 678
841 904
979 393
434 373
853 733
752 740
333 522
275 323
226 433
108 826
122 903
627 794
753 475
885 462
685 298
254 521
188 226
813 13
749 157
208 303
788 98
129 42
708 5
316 717
288 347
946 988
838 860
806 989
726 72
542 652
786 849
705 598
593 993
241 587
159 211
623 701
704 862
218 499
632 214
809 980
736 33
476 914
701 704
273 254
663 517
529 311
664 361
471 893
871 12
196 249
245 811
384 818
345 802
52 564
915 202
368 107
751 958
260 567
231 304
598 949
909 412
651 497
315 556
290 6
743 2
779 991
756 365
423 60
500 264
185 559
719 106
147 590
8 539
813 671
350 949
367 606
480 138
977 719
647 207
30 616
616 415
493 725
388 817
995 183
474 636
784 479
53 21
33 334
630 91
961 654
352 507
433 848
382 534
945 609
803 374
396 618
163 595
897 456
171 772
378 68
452 688
659 507
205 78
788 921
304 708
851 194
593 878
59 767
677 239
975 186
351 728
335 522
844 98
827 16
579 864
798 462
346 15
132 864
227 741
590 791
880 212
647 827
525 391
157 395
550 663
513 968
515 705
554 904
818 281
388 711
409 890
77 200
796 125
273 741
921 27
570 486
596 187
233 794
861 542
247 382
246 566
132 873
580 682
763 234
920 154
328 698
756 157
945 246
217 321
429 767
666 591
29 669
620 201
836 468
895 9
992 557
449 915
52 323
361 410
271 765
314 326
671 6
676 357
3 985
284 319
320 678
772 716
724 647
21 183
104 355
188 975
802 530
529 949
227 780
17 316
531 878
111 304
806 828
137 910
714 354
45 939
782 372
890 406
256 178
164 597
444 52
748 282
64 971
209 749
667 388
669 296
147 522
435 822
875 985
630 532
412 304
189 298
890 773
106 522
216 229
863 11
424 405
445 514
542 340
820 105
410 496
23 629
905 91
180 188
542 354
502 417
581 557
280 526
14 329
735 854
590 193
689 762
933 732
730 585
442 625
322 187
885 524
444 241
51 218
865 186
222 477
139 1
598 789
351 260
419 81
849 193
382 648
473 748
519 887
885 226
537 371
786 836
852 742
180 299
278 559
68 67
400 52
403 304
113 641
263 291
251 460
722 268
880 105
64 370
646 228
666 734
998 187
840 510
898 215
770 79
611 246
391 105
826 794
163 715
829 654
410 886
127 529
722 498
371 968
316 77
873 743
889 114
60 672
27 868
583 258
61 868
252 995
637 491
354 599
552 74
546 80
642 354
299 238
145 250
43 530
102 177
877 684
291 446
428 419
505 551
419 570
473 953
195 441
62 609
375 231
956 308
922 165
221 118
614 817
19 29
78 491
305 247
918 541
860 838
750 378
129 726
941 716
626 23
67 901
310 741
882 801
422 600
682 847
296 903
702 821
918 187
150 151
24 295
595 530
634 799
513 792
99 219
134 663
293 950
869 189
93 426
74 314
357 705
337 604
583 621
43 243
670 566
708 291
596 386
748 408
984 92
391 140
367 99
578 301
813 365
116 354
377 170
46 872
816 905
180 873
867 715
659 566
972 723
597 855
597 15
585 613
211 853
855 728
437 132
220 345
10 25
363 199
223 801
853 845
173 570
573 391
781 353
120 398
211 60
124 753
581 50
52 927
750 273
176 759
826 506
854 123
932 608
997 463
943 220
597 264
524 942
289 638
906 705
374 232
297 567
982 107
521 913
115 199
449 471
717 291
787 473
377 831
629 755
401 867
716 568
920 497
865 564
27 573
252 11
698 124
677 378
264 614
365 703
623 767
233 570
772 948
189 926
874 726
847 242
886 724
7 741
593 537
55 43
353 526
626 656
167 192
992 776
547 480
326 832
678 730
289 561
798 649
342 529
399 851
583 380
654 629
123 217
463 618
870 920
741 562
86 871
349 683
367 658
621 196
557 999
616 145
327 52
891 515
864 353
158 920
811 559
296 676
277 525
322 214
804 219
354 244
124 826
800 642
739 504
949 271
86 667
149 282
220 445
378 232
884 92
924 843
402 808
942 733
473 904
197 290
509 971
924 473
226 125
984 39
890 995
385 631
640 834
124 147
968 774
89 106
665 559
841 759
226 916
92 191
328 182
406 954
47 821
488 186
632 349
878 881
209 633
31 661
766 539
94 592
337 947
378 617
254 832
387 244
185 310
308 948
743 186
988 502
289 35
126 501
645 757
148 124
708 608
685 105
79 797
543 945
606 309
712 66
938 182
880 462
975 700
479 690
187 672
822 794
791 967
130 122
9 999
821 325
550 849
233 137
453 624
37 323
871 991
530 69
69 651
173 139
614 591
111 307
961 748
571 321
246 751
444 473
314 27
658 427
790 951
210 859
736 550
762 874
987 2
278 892
872 294
970 213
335 71
605 219
617 744
813 701
8 546
115 352
207 857
137 875
581 378
720 751
711 942
521 96
977 957
318 796
993 979
571 894
968 963
454 538
468 392
301 911
481 795
910 426
810 193
182 304
787 472
538 422
545 552
995 21
622 158
302 459
855 340
114 137
908 86
144 763
279 312
163 510
111 172
307 399
588 149
636 210
572 347
379 307
789 259
461 225
955 492
459 570
925 638
29 472
133 147
843 685
146 991
224 346
812 980
135 255
287 132
34 556
999 477
694 286
723 109
588 969
500 878
860 25
281 875
216 50
160 748
429 997
128 765
905 614
861 534
498 237
310 562
159 756
373 145
279 672
477 613
356 881
804 856
487 674
206 512
681 132
511 668
785 955
580 790
570 649
552 783
983 160
687 543
295 360
341 734
668 488
615 380
41 932
387 764
540 766
989 577
124 774
472 43
180 440
916 17
904 771
691 196
670 107
453 697
65 767
578 975
304 646
859 376
375 754
958 341
819 45
240 817
602 500
832 687
56 579
320 833
298 529
146 149
556 154
854 923
595 731
664 802
413 231
550 495
298 840
682 556
318 543
944 535
458 686
484 510
722 831
66 172
743 523
863 945
955 604
650 520
854 778
927 178
42 228
479 125
459 962
604 840
655 824
203 247
739 927
336 869
344 748
784 812
620 431
298 42
208 553
149 850
639 626
120 48
98 194
568 452
188 51
434 651
248 132
344 858
130 818
139 789
791 567
635 681
116 936
651 207
53 65
669 620
314 300
461 447
931 810
638 585
456 578
787 200
696 516
124 629
62 957
346 771
257 192
136 674
216 49
600 143
296 321
8 202
32 852
985 629
309 304
557 230
642 229
145 368
485 290
106 309
740 746
745 19
126 858
373 466
148 807
28 252
198 697
860 41
795 107
291 566
134 657
181 226
438 104
256 51
231 570
944 106
642 468
278 413
709 30
85 676
372 231
319 762
540 240
926 143
407 795
895 993
901 922
800 654
587 236
280 514
642 43
907 599
331 94
689 362
878 628
36 114
785 395
254 241
563 558
191 154
777 763
958 303
261 935
546 689
107 1
87 666
684 977
751 676
190 60
292 527
186 557
446 537
738 968
5 809
600 289
732 452
895 172
747 810
929 693
303 229
132 887
216 486
640 95
602 347
903 963
892 413
252 677
365 36
126 268
106 11
253 376
657 782
568 526
565 350
424 516
906 277
378 202
394 433
862 935
26 136
780 173
189 89
104 835
875 738
432 130
48 788
220 977
90 829
95 181
865 868
373 58
99 269
517 886
491 311
475 315
789 668
762 32
565 38
436 584
784 333
68 651
123 151
134 327
819 354
80 780
658 263
619 818
148 992
677 20
735 162
436 919
765 762
672 21
525 850
662 887
921 569
321 293
667 680
252 959
361 760
521 502
320 257
774 641
165 178
516 226
724 122
119 729
640 870
970 828
554 678
742 987
84 221
881 808
698 549
889 836
443 834
366 302
596 356
473 198
183 9
870 233
643 323
763 591
563 629
87 893
946 94
762 661
148 25
916 578
547 551
837 244
652 785
80 309
378 382
100 12
883 12
71 913
931 174
302 825
71 272
320 501
308 33
22 776
70 929
885 441
236 372
11 63
904 676
968 606
125 662
193 948
401 649
284 136
726 425
1000 491
909 543
996 699
443 128
297 360
105 497
14 948
589 506
379 875
364 61
934 373
864 966
825 366
408 424
139 956
484 429
915 647
92 471
787 147
834 892
17 842
418 215
610 425
862 903
977 779
270 886
337 142
155 893
93 345
219 369
399 406
961 309
861 272
985 9
370 203
356 244
883 253
593 332
178 507
92 300
332 719
533 285
576 748
708 802
49 452
241 701
500 383
860 2
478 98
990 658
277 149
362 460
238 37
378 894
499 347
889 241
791 262
98 854
591 328
196 720
184 731
583 277
199 217
808 380
7 35
232 508
536 300
483 392
578 426
337 833
259 192
716 768
227 600
999 348
976 169
197 327
101 671
297 723
865 616
963 64
13 782
656 195
837 167
890 234
673 695
677 575
553 790
29 295
561 552
636 584
384 20
795 341
865 475
513 650
489 403
411 843
478 802
981 551
404 378
876 133
626 405
95 738
735 591
879 972
896 709
543 850
793 512
53 210
274 791
522 228
99 948
600 210
598 760
220 341
525 779
454 908
445 707
255 226
402 962
238 572
972 715
827 161
919 57
945 154
1 375
321 71
673 70
247 796
305 405
736 134
7 168
187 801
12 144
645 471
601 744
650 145
412 316
577 649
894 639
88 552
763 359
707 609
924 639
304 468
69 592
163 39
950 394
775 747
641 544
778 106
704 337
523 71
911 729
272 895
83 330
870 628
782 647
34 891
334 146
386 380
490 956
305 502
465 17
922 278
19 29
847 261
22 672
917 32
744 939
916 855
666 584
979 764
76 129
13 309
886 965
206 165
859 87
9 289
182 317
597 760
19 60
527 270
740 850
268 734
3 618
785 294
657 413
42 527
892 107
986 780
1000 706
414 331
833 815
173 806
410 592
198 408
391 690
231 265
848 599
9 232
43 372
641 569
270 690
312 635
258 160
345 508
769 978
224 20
557 644
850 696
566 78
833 281
482 534
211 543
665 57
35 629
724 262
745 712
636 750
374 791
126 844
425 500
222 173
881 507
331 393
750 38
437 363
772 376
345 84
529 416
314 244
352 458
330 363
480 876
462 546
461 587
733 195
606 205
659 418
610 686
428 877
390 772
70 162
949 252
766 542
876 493
408 246
96 105
795 597
828 177
79 152
771 4
363 229
160 181
734 306
522 317
656 251
412 948
582 649
137 643
96 976
729 658
925 41
144 890
189 781
994 739
607 886
160 791
328 284
792 934
605 401
781 44
262 507
614 803
629 501
937 147
588 834
387 987
504 933
239 117
228 532
635 59
949 812
303 356
878 836
242 708
325 156
885 269
2 873
635 231
631 535
902 813
52 560
424 958
449 310
938 337
549 502
646 314
905 271
554 757
795 243
440 832
11 587
881 367
772 611
720 608
368 849
271 1
282 759
830 187
821 108
804 668
543 651
5 695
633 179
148 937
398 640
643 34
634 704
400 642
167 870
891 547
603 709
314 693
672 269
607 614
521 268
141 878
236 823
572 441
187 560
643 250
533 154
789 98
540 275
802 693
475 264
817 573
448 321
974 693
868 190
990 876
589 893
814 670
97 592
482 1
741 437
735 311
642 787
31 938
168 696
623 479
188 48
24 274
875 24
857 644
282 992
526 314
266 584
166 476
478 971
286 561
274 458
681 255
578 43
492 346
524 831
464 770
337 977
205 362
195 982
948 787
659 342
702 54
330 842
546 401
212 574
435 136
936 508
622 763
848 877
117 314
974 167
934 878
237 796
844 167
884 578
928 11
4 11
487 932
936 933
519 786
81 605
840 690
100 366
865 11
75 138
877 645
941 479
246 118
811 273
496 864
761 641
563 717
356 921
590 21
585 436
883 666
207 671
68 62
365 311
421 832
567 424
32 623
405 135
662 807
29 656
306 870
350 876
289 311
152 453
568 430
931 919
743 771
458 742
637 175
62 55
385 962
57 259
393 861
384 306
897 573
262 983
733 697
512 991
259 865
576 787
5 623
129 462
149 281
402 337
590 13
226 103
365 994
681 831
175 286
229 19
221 979
901 166
844 186
371 221
434 326
781 886
997 616
174 66
442 258
137 504
204 700
153 831
642 525
40 918
466 531
399 184
337 893
497 884
263 61
296 799
515 946
628 366
264 528
404 395
417 928
590 679
735 690
137 179
192 413
224 554
486 6
778 819
826 859
206 522
231 330
301 951
484 323
30 843
87 992
752 713
501 685
290 626
675 68
150 731
630 28
40 347
638 79
920 77
405 636
410 184
952 574
180 794
759 598
493 788
521 824
580 647
303 659
523 49
425 748
504 628
686 750
37 994
964 137
501 917
40 276
610 445
903 762
442 365
598 678
414 761
570 213
154 516
277 415
83 516
161 450
863 284
188 623
303 506
130 938
597 527
590 564
92 358
317 642
582 764
155 99
557 49
387 52
986 280
465 683
652 788
114 527
241 25
634 993
308 487
263 623
959 281
539 927
664 369
328 145
526 751
820 24
35 435
407 841
532 981
488 722
581 405
216 941
537 281
3 9
268 617
906 773
982 728
796 123
1 13
689 456
931 70
520 914
386 543
68 412
577 218
162 76
943 456
933 541
917 411
379 272
268 727
173 288
842 310
396 794
715 350
761 991
110 138
109 6
878 820
811 570
990 256
273 632
732 55
88 264
943 860
186 837
772 462
452 390
925 251
161 30
873 164
806 355
1000 788
554 596
807 720
862 472
290 396
178 40
140 536
858 689
155 938
65 148
341 169
499 610
919 903
733 376
734 317
521 734
8 597
597 390
182 107
979 213
184 785
781 216
159 300
52 545
863 882
568 192
175 956
909 600
195 378
913 759
784 757
675 388
97 144
175 153
169 139
265 855
16 617
706 872
711 174
326 49
17 528
481 309
910 171
878 491
454 956
952 350
717 367
685 81
440 734
158 167
542 409
725 175
290 954
434 247
985 433
526 666
525 692
222 740
357 722
160 565
777 791
946 484
791 668
323 414
872 953
761 621
435 981
637 661
438 543
157 761
252 922
838 427
71 983
506 989
496 442
151 933
570 344
588 297
910 281
287 413
490 764
164 676
305 255
79 690
266 237
750 700
49 248
311 498
276 116
147 458
877 783
418 159
474 462
37 221
866 532
726 406
596 954
318 809
688 287
545 873
948 986
591 2
234 485
836 226
183 577
304 112
926 140
555 699
888 755
460 659
241 896
397 601
721 822
673 762
934 292
316 890
830 589
894 879
472 458
858 945
557 882
613 671
416 966
40 437
108 846
251 417
929 495
847 127
708 601
192 481
543 635
812 246
671 967
968 80
890 526
702 517
475 246
382 985
785 26
350 73
31 276
57 379
552 848
573 67
838 741
488 123
53 349
524 747
560 144
269 954
445 376
761 498
956 413
210 604
149 542
435 725
235 19
956 463
327 687
206 226
242 613
638 715
45 141
108 981
155 32
516 218
199 249
498 343
800 732
623 86
713 320
539 248
523 741
29 749
685 195
492 288
806 333
236 170
171 543
157 151
825 976
86 811
359 758
807 948
702 528
502 867
578 103
311 112
759 283
538 966
316 122
780 844
545 808
140 448
517 902
509 802
304 194
154 616
325 871
590 751
664 173
723 30
937 110
848 405
527 62
657 426
142 132
11 58
60 132
538 975
691 255
308 273
919 564
532 835
632 156
890 246
386 900
464 102
344 242
490 79
963 649
553 752
496 161
764 137
151 26
399 868
612 562
27 155
823 572
940 511
742 280
747 513
533 115
832 939
526 882
693 613
430 602
682 770
613 561
127 493
106 623
600 980
570 269
257 139
517 269
753 749
370 220
983 783
484 885
719 723
561 997
831 996
846 281
172 632
283 924
624 499
110 488
713 691
826 425
961 634
482 72
735 84
397 21
450 596
817 358
887 818
293 883
159 478
563 474
42 937
974 640
299 974
32 780
265 475
908 642
805 325
940 463
889 270
141 833
268 311
487 601
130 743
220 384
79 687
559 539
368 404
820 647
887 461
599 719
921 852
63 728
833 159
553 91
184 677
704 700
764 164
726 472
641 730
225 656
522 9
411 585
849 359
50 810
407 522
82 131
579 494
57 360
331 128
492 778
303 682
26 450
319 217
974 745
594 303
249 564
719 453
704 768
70 912
194 910
374 961
854 74
502 97
619 683
780 877
942 440
704 62
585 592
447 11
177 299
904 123
331 560
769 156
712 766
55 798
11 864
246 42
30 403
246 647
98 516
387 565
948 662
881 395
729 517
619 799
321 195
55 413
24 247
51 998
21 747
480 790
604 112
36 904
792 392
13 769
163 938
733 330
353 891
267 545
747 555
634 102
991 462
655 895
989 121
565 58
529 398
609 931
211 141
527 861
473 39
554 276
253 344
359 413
650 42
253 738
793 838
595 889
677 91
888 905
871 481
835 154
639 140
638 990
448 472
437 739
741 320
894 532
347 13
640 320
993 676
173 961
391 595
638 160
471 906
714 981
94 750
848 196
579 88
721 647
286 257
791 253
347 543
359 688
756 709
913 763
1000 847
82 435
163 450
701 260
634 929
821 394
841 554
137 664
942 595
424 103
346 564
591 102
428 136
643 799
683 879
10 519
933 660
857 212
584 82
859 726
308 208
107 866
601 982
14 103
3 159
530 131
777 415
359 213
812 639
491 650
1000 817
142 278
793 759
42 165
430 476
652 315
601 943
757 701
751 117
390 671
398 406
977 324
597 562
412 282
903 401
884 405
420 17
812 37
861 555
443 972
661 345
587 73
611 874
318 878
860 268
738 624
328 305
786 803
648 360
923 349
554 6
927 791
67 571
908 986
620 83
370 56
730 303
772 297
95 890
882 331
502 997
517 268
122 621
724 840
558 575
589 42
899 661
770 462
617 125
61 924
929 605
690 588
700 332
449 246
436 221
565 231
230 848
769 358
140 355
410 255
452 624
280 99
541 374
857 774
385 823
988 569
69 321
562 148
233 344
72 9
972 786
731 526
842 236
200 423
873 776
250 211
412 378
31 33
186 47
405 35
599 281
728 949
541 734
220 275
408 250
31 890
468 687
992 43
621 723
442 125
858 218
356 433
753 409
104 116
30 80
808 757
694 562
465 534
777 934
431 596
586 819
377 137
634 3
650 304
908 790
661 900
47 11
33 738
748 274
535 771
451 335
59 956
868 797
392 278
139 307
330 320
844 269
335 465
22 355
198 881
618 521
987 829
61 268
556 96
253 637
731 518
69 355
417 585
3 79
567 232
543 257
14 619
405 513
287 442
262 946
397 409
991 724
671 993
986 640
927 702
641 327
80 502
634 327
678 735
445 658
452 309
740 197
500 865
407 84
278 143
938 407
582 926
724 259
460 682
385 82
636 352
619 523
861 26
580 618
399 469
890 516
737 697
387 132
912 103
711 931
545 701
93 466
192 573
443 171
301 977
313 110
685 841
155 915
407 463
225 278
545 621
559 74
665 125
110 264
476 631
663 99
793 455
426 931
77 277
143 899
292 207
363 356
998 236
381 183
875 411
302 923
347 404
229 681
269 237
539 387
254 699
646 862
844 989
936 844
903 200
714 342
436 108
37 752
234 605
6 817
16 297
274 769
635 626
407 50
543 435
652 52
543 694
973 312
222 275
580 21
484 794
452 501
33 226
279 90
129 274
632 48
905 390
964 746
750 121
914 639
466 150
107 882
939 541
811 719
983 939
882 758
180 184
855 356
398 394
922 590
436 425
200 39
128 699
87 446
948 775
594 657
94 125
48 779
930 124
16 180
109 685
462 471
751 146
318 701
674 977
417 887
69 508
736 392
522 138
888 334
179 235
524 37
610 764
46 774
975 383
783 838
54 925
31 943
168 546
921 982
629 376
345 127
581 26
984 117
88 373
495 5
595 160
236 271
61 699
221 692
821 502
216 945
665 708
150 796
531 835
170 364
48 437
306 39
469 748
158 607
215 640
564 454
681 741
222 812
632 227
635 444
580 414
461 50
441 184
324 413
291 162
724 741
822 592
781 163
644 242
124 207
842 90
249 973
267 182
464 312
228 147
907 506
580 95
201 86
728 571
515 971
949 936
233 461
619 141
607 630
119 965
753 831
460 775
222 252
468 411
603 134
100 437
478 176
270 287
396 681
343 151
890 25
501 822
974 358
867 609
914 243
788 784
660 737
479 7
392 566
278 58
399 931
860 814
738 570
794 2
206 739
702 836
112 676
322 419
249 443
349 484
588 645
552 681
643 383
279 11
592 85
245 993
800 920
828 313
111 86
916 107
300 10
346 257
169 977
447 368
2 703
681 261
333 736
444 601
599 958
653 319
82 466
446 493
143 702
652 8
607 651
801 398
407 426
226 636
681 129
25 676
360 730
673 967
905 672
232 885
132 399
251 423
589 46
892 269
423 583
691 254
539 714
819 418
403 647
405 182
299 667
446 853
289 797
115 591
528 820
576 726
958 300
734 463
396 216
991 556
792 510
498 367
979 615
176 423
212 953
532 423
261 256
707 909
792 4
314 186
859 387
147 443
417 850
934 27
651 814
740 595
215 973
645 118
431 116
132 719
39 661
843 51
934 798
783 417
769 872
237 566
285 925
406 47
409 209
558 949
345 42
512 533
779 847
629 167
285 705
345 132
368 594
422 402
569 795
769 40
347 155
925 232
141 758
381 612
277 88
569 6
409 155
186 451
979 926
199 766
605 131
946 413
814 886
561 173
709 726
675 706
795 32
504 27
866 336
390 755
417 117
288 955
305 292
634 508
482 79
236 932
352 803
309 54
978 743
169 862
609 654
317 556
195 488
163 464
370 270
466 233
840 849
721 96
733 933
950 827
916 504
736 140
230 640
259 627
71 144
250 217
247 170
560 186
456 126
297 541
129 882
277 258
320 879
191 911
86 665
316 667
679 983
