26927 1000
8091 2383
12723 13491
9985 8234
26240 1262
22489 20264
20451 5029
15345 6750
19682 22989
8290 347
23207 16843
14575 5891
14661 5155
14000 12606
26437 1889
12396 4735
10485 8969
5075 1496
9329 12780
6764 11343
25431 17078
1978 24486
24836 5863
803 7494
26515 13748
26666 11080
17407 22479
10925 18258
12941 13820
12344 25627
6016 13549
13647 10701
6668 169
15855 26061
6809 7181
25082 26425
2820 3042
23379 17910
19816 9764
25332 9
9296 9216
22604 19240
7557 21300
15356 5827
2106 5108
2390 26131
17728 7137
222 6039
11848 13110
8098 21304
2695 13090
17577 12080
200 8488
12714 3220
8168 15279
10214 25146
5346 10564
12505 15281
17186 9202
5345 5262
12700 19714
11183 1945
23229 13781
9389 18641
14722 13629
21529 13305
15209 3449
1396 21054
22102 7931
4205 24672
12791 22703
14093 10543
25959 23415
4226 10382
24729 4446
9660 20446
850 14821
1457 2482
20223 15839
21439 9599
9661 1311
10981 15885
17811 22215
2049 21408
4487 26385
11635 18121
23747 12526
19843 6812
6280 26428
18922 6528
4452 9055
18481 8139
3758 21444
21331 15355
14631 17020
9197 1140
11773 8397
2375 6547
20547 4618
16768 25696
18676 3806
269 11007
7783 13286
11120 10992
18220 15617
21282 24955
7189 17850
2441 4032
3176 17105
865 22670
12862 22532
8216 3674
5794 20472
21957 26804
7594 17571
16792 10983
24645 20034
5308 17459
1309 13272
1692 13742
5628 11695
4493 3347
840 402
7322 8818
5340 4805
15603 20880
20653 26806
17009 15230
24817 22785
25690 11716
23418 3446
23928 20262
21542 21538
5100 22088
4556 21197
11189 25892
15090 26738
396 23459
18215 3188
1903 24113
17985 19075
18165 9394
17904 5494
18851 4588
13134 8521
12055 846
21693 4893
26262 26749
22274 17762
7180 22192
5414 6705
10521 22315
18601 5650
24034 19921
22809 15231
18228 3009
12965 15914
25481 18262
26179 8370
352 19596
25754 9081
18298 13513
16320 19304
11525 19296
6009 16967
15322 6039
21285 10568
13376 20808
24857 18758
16051 22990
22659 26067
12104 9430
919 13227
9106 1379
16185 26675
4346 182
5292 18415
6346 21579
15715 2925
25409 9956
24263 16105
4429 11767
5420 6937
16500 6063
8804 2771
7699 20981
18597 21601
18467 12830
9694 16136
3359 20290
7248 26532
2721 10379
21686 2238
12700 8600
25673 18743
18621 5280
1381 19293
21554 19962
7742 6947
21413 17533
12704 3396
561 18402
17411 18046
10743 6250
17274 5625
12844 11119
10050 21587
19106 24562
10814 9806
16294 24211
902 13672
26400 24045
8192 6786
1901 15037
23555 15525
3744 15019
13666 4500
12992 6139
17626 10219
10958 11695
17267 13531
15246 9109
1661 23013
25960 15537
179 229
12093 14021
8654 3385
17912 10837
3828 23900
8059 9646
2264 24410
20092 2186
13976 18743
26702 8021
13114 20921
19427 4707
10856 23980
6275 10328
17006 9024
23529 12711
5628 9232
11614 11862
22722 19769
13453 20855
26760 16764
6612 14174
18303 24506
19259 23168
21791 23532
9001 14441
18009 15345
3829 24975
126 24444
19011 15168
8205 10590
23562 22716
14965 4029
20090 13235
26789 21393
6923 26780
7314 6786
22902 22493
19609 10928
3351 22524
11692 8731
17273 9661
1137 727
12777 14563
25933 18273
14002 10620
3820 24231
9710 17773
26216 24990
8696 3191
24135 4044
18677 2753
24432 12239
12480 15083
23252 3091
25247 23705
1073 867
3083 25262
22542 980
16146 26841
10017 10416
13479 26560
4452 2261
772 7721
3133 11002
947 26697
444 7017
21223 15081
15986 6759
24287 1628
20159 5265
13235 5038
8223 19058
1263 16101
20747 26817
556 12626
22746 26369
4802 8592
20894 21237
15401 16217
21828 22686
672 7790
19678 16538
14370 11884
13776 7976
1499 25116
630 20976
13008 741
4121 9261
26882 22556
7058 5217
25558 15605
11664 11661
16707 11114
23753 26881
19205 11739
12117 7244
4106 6837
19252 18
9021 12547
4797 12379
807 26689
6857 24100
23998 24517
23722 2947
11983 14993
4090 15877
16790 18988
16316 24605
20156 11861
15093 19544
14151 20354
21463 16373
1245 13920
26407 5970
18362 18282
6078 976
12617 11427
8972 15318
21106 11216
11448 20897
1025 7457
3880 6901
9965 11633
13093 9043
11449 1924
14423 10482
6731 16937
26370 18100
23434 24969
13423 617
9279 18633
15898 4942
13349 14835
13803 18483
21959 13502
25101 26712
11719 900
20894 18054
3973 18759
19957 7114
16099 17830
12702 12422
19426 22242
17244 22950
21341 10470
14375 6118
1075 341
12158 17064
3058 8502
1506 13120
19566 15353
13870 4715
10578 19120
11651 9265
498 18236
13789 25517
23297 5037
11514 3928
9434 10913
25277 3047
18576 9349
19102 12591
10058 3122
662 12380
5336 4120
20189 11414
18712 18516
23605 1395
25345 12131
17199 340
8258 20425
11334 2183
20728 16833
14739 22884
6647 8394
5876 1231
3223 8104
12698 19788
13050 13096
14339 17665
17066 18560
26353 15910
20083 9518
8938 6351
97 9888
5910 16666
17890 24583
5432 13088
25032 3682
8374 17769
11805 5008
26445 26846
25873 17751
20429 23940
3725 2207
25174 22049
13146 13300
11878 5696
23088 6707
15856 14358
11824 8295
14894 13100
18818 12754
17115 26648
105 904
18566 19633
21151 6957
8912 11612
11810 14944
19706 24891
8980 98
12926 18644
4855 16108
15535 15032
12462 771
4953 4748
14277 22547
5392 9642
18294 24498
7777 4169
6326 8118
9164 11610
11035 13436
24105 4032
13823 16971
19711 1286
9949 7852
21213 23503
1794 24126
21766 15108
12419 17373
8079 14146
17533 13662
18476 23313
19429 14013
3905 20322
18265 5006
9684 3661
6516 20145
1647 5086
22007 14846
20799 14478
20354 12236
11939 162
20948 3554
12889 23062
24361 5957
19956 21469
16324 18262
8304 25901
4869 21593
10820 20047
440 1131
8070 8180
3411 7759
19354 1173
26707 25008
7747 6720
13281 11394
1534 24627
9340 21990
25338 950
5260 1081
26890 23680
21486 25024
8636 17706
3898 23087
24878 25068
7029 26874
17841 23346
1116 14784
502 11590
14848 21438
7096 9080
8656 13864
9679 16659
19068 17838
1074 10009
14355 10087
17339 2723
26541 18369
3102 18736
15387 20892
21344 9113
8696 24061
8156 10242
6864 18043
15770 20726
22343 14484
25974 24705
15108 20704
13636 7650
18281 1796
22046 20568
15036 25565
24254 2046
23018 5432
10443 13950
3349 19998
785 22068
8869 2674
20380 3866
13861 18431
8486 26680
14164 2615
20482 11217
17254 6242
11829 22821
13242 18302
21578 20840
2960 19903
4565 14830
10142 14992
608 22367
13893 14781
13003 11098
22309 20662
5977 18976
5455 20511
2986 7382
10033 3889
2649 24420
1018 6916
13314 13134
24438 26092
12896 10888
1457 19219
24240 16256
3881 17764
1980 5422
3749 13141
7076 3605
2314 23746
511 25785
25595 14255
26695 3061
20031 24020
18377 5394
16864 2995
26166 7461
4789 22896
12389 4645
11591 2578
10545 16467
22969 15070
20204 7802
967 13364
1519 12276
13964 26315
2643 4391
19255 8200
1218 20813
26200 8137
6140 25578
25488 941
22217 14224
20891 24521
16145 6887
1216 22325
2935 9043
14924 24228
22847 12804
26 20015
21638 9679
10582 19737
25942 19963
13684 26662
7473 5802
9367 23549
11476 7722
9627 2666
7445 9287
18652 10910
18901 16750
25447 12277
22471 13356
1142 4940
3041 26394
21178 20294
11403 17011
22145 22206
25268 11527
2553 8487
19594 380
3628 4179
3530 9526
19502 4408
21984 9500
6696 17664
1248 3433
10518 2616
721 24795
8849 7866
3937 11463
2276 1447
9093 9607
13294 1309
6102 21943
7698 16779
13723 888
23784 21156
17954 8984
16048 26616
19179 24172
23283 12163
7095 4006
6194 10853
14126 4207
24984 12207
25856 19679
7428 13532
3450 14883
26047 16768
19840 3514
21827 1419
17847 22218
1832 15450
13937 17779
3333 21596
22690 15115
16814 3319
15619 9368
6935 17901
21250 19847
11691 26330
24584 2193
1680 6649
18528 25768
25718 5665
10730 12227
11365 6005
23259 1707
9901 25971
13767 9751
201 8584
23217 14575
22426 16781
15104 26580
6235 1613
11659 3802
22730 14897
19605 15213
906 10336
1080 15165
24380 13693
2811 8756
23303 25884
5058 22149
128 26233
3080 11615
17635 15466
11692 14694
18215 7798
13669 9313
23513 1476
14071 14399
11343 17503
8021 6912
23441 23337
8059 7296
3993 437
2063 2818
9754 3765
8928 13653
23127 10464
1781 25756
19589 7881
22256 15858
10043 3316
14463 7578
17973 20829
15795 26563
18868 15263
10093 19938
26760 25158
26260 17877
8873 3652
11614 13734
26356 7617
9682 14049
13041 20775
22805 11609
19128 20204
9510 7608
18853 23784
3803 17859
13263 18592
9795 14649
11085 7086
21115 16818
22871 19396
23454 8400
20144 19081
26226 20423
18091 1158
20969 7869
1929 138
11194 21643
641 1929
22537 15763
19788 7853
18057 18250
18697 24413
4042 11791
3980 3881
15095 6611
24239 18871
12570 24758
17333 24147
15433 23293
18972 24539
20476 20231
4965 26166
20855 17838
20012 3300
17266 7376
9929 19696
18166 18184
24668 2621
17890 8022
10483 8738
108 20845
25528 24285
19775 25789
22059 19153
9888 18900
9461 12054
6451 23825
5177 23426
10193 14293
4364 21184
13742 6153
24065 15565
6135 4495
21128 23716
18518 1797
5155 20957
10631 3084
15718 25370
4431 18669
13094 21599
5982 7008
4807 6725
17921 5539
2452 20986
7908 17651
13047 2912
23326 26536
18601 3262
22288 11391
15311 23555
13741 19919
4350 13438
18831 6257
8668 24083
3183 17284
1508 9524
7865 26457
26070 9830
2731 10447
21382 14628
17838 22080
929 6849
20891 1049
6035 19991
25354 3994
3486 6793
9250 22193
10927 15047
7858 21641
1016 21260
19839 7233
4540 1401
22515 16607
3595 18688
16643 13017
25487 23461
8345 4178
9687 13589
3463 22199
17796 10008
16837 11254
893 1070
1258 2655
24825 16887
6929 16074
556 11706
10499 17470
8188 26473
9638 1091
18718 11099
1256 3336
19794 24090
25391 23285
11583 311
7143 18915
25035 15319
7855 7798
23316 23143
17895 9215
20571 571
17207 3648
26478 24383
1729 1714
5025 1294
26210 24242
6054 21958
11077 17295
6795 3573
14072 13713
344 1999
16101 5447
5931 15745
17726 19993
15423 15151
10480 5763
26012 20054
13945 24221
17747 21807
23097 10056
20954 24088
13704 23486
20085 9746
9243 15741
21532 8248
19914 20087
12925 1163
21038 12883
17616 24325
14891 7908
24512 21157
20871 18448
11357 15927
19504 12961
17138 14982
23369 2586
9522 1315
5637 24437
17158 14243
4943 8282
22996 19671
15333 9417
3670 17981
17246 18958
15399 26304
14274 16917
515 19346
15432 3675
4018 5455
25808 20028
17278 23799
23409 9139
15164 1511
13756 22483
8347 25624
19868 17001
9523 4003
24472 290
22743 16980
12335 3570
11059 2187
21288 7650
25307 14171
1206 4089
12959 18254
4475 13725
18007 19041
24333 20918
494 20452
5576 19043
1768 24508
20207 4233
24399 3301
14374 3608
18068 23396
13871 23693
10521 20059
5182 1837
347 2553
20816 22446
8702 4884
20396 2201
13279 25528
15531 8326
9801 24691
25654 374
26451 10869
10152 22333
25037 4660
17351 26413
15834 22696
22762 24973
4875 26713
12685 3042
20192 1769
21427 16955
4590 11171
19446 16236
21736 25551
26150 1085
22603 12563
10266 10194
10319 25695
23837 18087
8261 19176
26121 10035
25344 7193
923 21334
14723 25051
8993 25986
20110 23250
7950 22493
17694 8987
8160 24158
14195 11923
15472 17049
17117 24087
23210 2912
21678 6344
20221 21066
17161 5327
17720 9714
14581 7195
21546 16271
6155 26137
18859 18452
17227 7668
4796 14139
10218 24769
960 7703
10301 12352
8947 20979
12875 14981
7535 21948
7065 10911
21535 16458
8566 23200
17266 5028
9168 16152
24304 3255
26074 23060
15371 23112
14962 16943
24938 17990
21564 17879
11952 23220
7875 25448
13608 13203
11576 17078
20786 24781
6991 26388
22052 4773
13779 12959
2151 15380
19734 1531
2407 26005
6965 188
5996 15663
25797 11300
18374 22001
402 1816
7627 11278
9983 19577
23376 10595
14969 6963
11800 8598
24038 13762
18409 23198
8636 17924
8118 8833
25190 7029
8325 18387
1795 22204
7366 7446
23799 19489
6143 23971
