99515 1000
96147 6249
1297 82128
67720 27392
27149 73630
56637 69977
12900 6685
26525 22222
37747 34652
3750 71457
46369 95046
44073 82765
39731 20349
11480 35270
59021 43088
23973 49415
73363 51496
58685 43523
41346 26986
50792 33343
83690 79818
23744 30359
47328 37289
35918 12850
33182 63635
98363 84683
78890 10660
47863 63081
57536 52386
20673 24438
5926 60320
87023 79353
99116 90377
65322 38978
31453 72668
20313 19452
60816 69248
65989 86353
65629 940
79718 58990
26148 69452
82565 66120
99309 62806
59952 84915
52440 5107
51448 11403
76876 33695
3111 95672
2183 9507
26824 7882
75275 97645
84635 14989
17449 68187
49527 11405
72303 68591
92788 19616
43711 31091
3243 35738
35329 50844
49619 37205
62458 8884
60152 1335
7188 22879
65396 80823
54007 28155
65237 80421
2838 26356
23588 80793
21677 29541
65401 69906
13882 38493
84626 36459
78238 45072
27 74867
27009 2902
48472 94418
49233 98490
24752 22361
60101 74707
22978 75309
31916 17735
75823 26564
41478 79505
17619 32788
82480 52098
40607 7800
39929 86700
75169 9806
83697 51683
16788 6000
61063 60932
14304 36493
4346 81834
5596 14016
39640 86387
54689 16604
78608 28963
3084 65121
13887 10449
34232 17314
87723 31788
36838 8258
45492 96708
82294 18589
16778 18619
79206 29516
80360 67595
69399 52104
88704 64978
66464 72804
69199 56213
11944 65106
26576 73836
71251 81940
6587 35093
73952 85391
91428 32288
51017 16839
31423 28053
4866 74551
13850 89435
27524 63063
6459 3832
90915 96170
53672 85673
46061 2116
26990 72812
98786 73547
99186 87078
3817 52833
78135 73594
26016 4811
1386 37823
36769 28197
82043 83872
55031 53792
9430 69044
58271 36653
53381 72760
90556 98815
10207 45758
62874 4294
56134 1035
38888 98526
51958 57882
66475 81622
69054 21671
96182 80098
5165 23674
47201 44554
87321 56731
74639 70379
85466 41388
67027 17689
89201 78467
60395 63795
7461 17890
17528 188
26918 64139
81807 91305
49452 74723
37521 79991
76385 53389
87726 94960
5475 50972
86837 56707
78916 28455
53815 3087
9579 88615
72586 12411
15257 50633
21399 79929
76121 12739
63430 50822
19925 42284
98909 25437
85804 58810
97399 13709
77178 60277
11260 86404
31933 66050
55060 27976
21808 61728
78061 79517
57950 11623
2528 32436
22575 23662
3531 37433
79867 12043
48396 35935
9537 90208
72762 46971
18526 40527
6553 94641
94461 64073
43454 23616
36982 45150
31657 25142
64060 20098
62011 24228
96923 61900
86328 37341
50718 86206
9633 45543
44173 95748
35399 64297
35792 29189
90899 89636
78388 36229
57570 90669
10581 13181
50768 91828
33658 61935
86760 87873
52381 40139
97202 30903
61724 15402
36813 3543
6627 63643
63893 7614
15970 42569
13720 93915
66142 42790
15455 22260
96499 37141
74920 81327
11670 10810
73010 46123
90907 43793
79505 59546
37646 45666
18465 83944
96396 24120
27117 19981
67177 43820
87651 67760
82831 62040
7223 59918
82670 10540
50905 61955
7393 43875
61942 478
20780 34484
20753 36279
3838 83630
57504 62308
19402 53586
3121 21973
90712 69246
92081 92275
30683 19983
9003 12798
40694 9294
48383 42043
49680 66963
92172 70245
3188 62150
19806 93415
37503 32905
16181 96461
33231 32433
36259 62730
12922 76222
93436 96013
76536 44782
84822 12338
74751 33962
83210 87439
79098 31864
22799 75652
50254 35573
44265 11462
27665 36036
49684 98744
81321 6867
91010 68214
34897 38595
74462 60112
24296 81605
67816 46946
64857 44952
28725 50068
87256 40334
38814 61628
69860 16641
91011 57712
15090 3801
45454 2466
27504 18841
60130 86231
76892 50136
31330 19637
55345 75856
71895 76098
55645 24393
61753 75134
13384 59550
65903 86107
28577 89659
28577 56690
82671 67200
84739 41488
78740 64718
71293 50498
22648 55995
90819 47713
38126 62970
88261 94195
35290 27335
83242 52113
55518 5878
93995 8601
57072 71704
8793 639
28236 42468
92219 78001
82076 94547
16162 45120
84795 12486
81366 98327
60375 59215
97220 8786
19416 40349
23885 92664
15600 81780
55101 264
86509 70159
64904 1927
91957 65780
44735 27136
78580 4480
61722 87590
14489 20756
91632 22791
59778 51164
68612 54015
39902 49697
79099 79513
15968 57857
70632 41958
75166 72459
89255 23383
86463 56008
51071 49667
59092 73356
53371 33183
43330 73038
51299 96818
34277 95640
12897 96767
40494 88542
8503 83744
98778 40943
27865 49570
75161 14737
55208 45832
74864 98606
22126 78722
93047 28517
667 25620
47361 38282
94563 57004
4208 98255
55703 1588
31810 51739
99365 46094
73978 87854
68135 88943
29489 88851
2638 71942
74934 38282
71336 71447
69300 56317
54416 9340
46298 72586
31014 71877
25983 52892
37556 17987
20973 70736
64493 64826
5512 60293
43825 46642
70465 51871
44447 67726
26475 27545
84995 40039
55485 83980
12870 45831
53064 27430
26725 88391
18823 31693
45055 7608
73337 42767
17302 23632
91288 78653
5951 84119
227 94130
68645 56510
42373 37790
31423 54883
27904 4562
32514 94988
51570 98466
84422 96710
15357 72297
48294 11386
82620 20448
45802 5089
26931 68918
11793 68980
40909 91529
47374 79541
3846 48726
57608 39145
56001 83418
60522 73907
36796 34807
63035 23177
7214 21899
23121 2210
62188 44120
29143 8014
61014 81219
5159 28574
79540 95633
60916 60935
42963 8131
49090 63013
36635 43437
29277 57600
83918 44193
62943 84432
56205 78871
31400 6644
75254 51123
87244 74394
91100 8012
84302 29651
22776 48396
61682 65227
54890 12986
92130 34772
37512 37073
17712 56100
43068 57256
12305 39401
18226 62722
16299 41729
77870 94903
32367 8641
29713 14580
78538 44440
60071 18604
12972 49605
16209 69763
47532 56789
76470 10208
75921 96646
28322 46478
56693 27384
93613 17145
76873 95702
86427 80181
78440 95417
28829 40998
28643 2606
77405 48020
32807 42829
99087 50893
81214 47161
83303 11594
1849 55693
69512 55454
74420 5611
89550 35989
43775 45515
46568 47836
95483 95556
16019 20728
49397 8077
83561 74851
95121 7071
67985 68147
5774 62723
30035 44437
4427 22086
26728 70512
34018 66703
83731 71567
87307 14195
39815 21773
35554 56511
79749 55037
73702 29452
99006 65084
37177 57628
22538 80498
97495 23197
36859 9582
74249 75813
71555 7403
32236 64860
65513 75371
43378 42262
93569 60680
44611 76374
92120 66704
73289 77624
95049 34720
76489 75006
31267 73670
88224 7010
63279 46110
35786 63500
62863 89021
94950 91119
48760 3550
25112 59368
55881 56686
14220 87398
43927 22711
82818 50578
11934 19016
95497 96522
31003 28194
31983 47644
69174 50047
77462 92705
38134 47809
98757 2141
27706 11636
45602 47051
88202 57127
2793 49851
80862 24203
50000 14064
93972 54144
26551 85456
22329 11351
88205 29521
10024 2106
11388 74243
80942 90038
96629 43350
91847 18518
3894 99286
23101 92202
65730 4604
80499 52858
28358 45877
77811 30283
80855 47274
23027 66394
20262 90688
67462 35083
95797 94258
8197 38682
29694 81978
95633 88329
71584 68300
27626 30054
30263 74454
36893 57722
33455 91111
74015 47403
69299 93505
59863 96035
88899 44981
27710 56624
45382 90506
59901 34609
74471 28660
42555 35866
87581 8954
5685 16015
45570 5285
37921 94470
34294 36984
58796 52321
86835 96765
40451 5371
74942 79866
24377 17748
95004 87377
94277 18201
58037 22226
68797 84446
75703 22280
55549 31257
14516 96200
94562 15846
91580 12956
54053 13519
53438 13782
67667 94945
65196 9334
13512 29682
96102 86038
34622 26746
27175 9155
74621 84607
99458 68158
42337 76823
95575 49343
66166 95362
706 88099
71575 57740
25923 72843
8113 8494
44673 60437
85093 75906
68336 93517
61890 11346
63482 73941
12904 95764
52475 60560
65639 79556
7775 57027
71803 75059
8069 20170
97903 18587
13012 34350
77824 68038
69229 28440
49111 70179
80162 54881
26105 82613
75022 46080
86403 11737
16398 17614
68857 56512
86538 81125
56847 58423
90861 2831
29274 13230
75409 20987
70468 91837
18439 611
34171 15940
52686 94568
2055 21274
60088 61458
12151 74982
89280 79204
11594 89114
23660 23879
80815 16749
79384 58703
75792 28509
91434 23306
3673 75966
88752 93461
4872 11819
16045 83804
31255 709
20824 94872
33094 98539
28394 97774
42307 91257
9488 78814
11928 45372
4377 25245
96644 7251
47176 78096
7544 18939
39705 18908
8918 36231
91515 53615
56552 96906
44112 41733
35564 96208
75327 38871
34597 30175
25796 70605
62211 28198
22498 47692
88437 9341
96071 95897
27690 79853
15400 48060
98770 86085
2386 88196
80923 39151
77275 9537
65963 94921
63263 60750
84194 25808
88346 11984
47273 60577
96413 76599
36816 42749
81695 45801
2503 24332
90575 86178
46958 66577
95697 54090
76383 53518
4478 70150
17019 23336
41700 97856
83050 90062
65271 1902
18392 17797
42805 31796
35738 9388
34725 66270
69570 6796
49574 5681
81046 92851
78885 11438
76193 75895
45251 73235
55968 63335
27332 68109
44389 18993
4116 23632
42623 61603
6620 24174
81962 63741
21934 85131
57200 93367
78390 86379
51122 49197
75097 79778
63055 31889
2075 4900
73028 31936
65397 59482
72289 51716
51770 81802
86709 25542
21880 41706
10093 4140
68558 92826
59857 23769
6698 8996
9873 6799
11466 84335
55417 68284
23401 22040
78450 96197
89986 6118
49010 61941
55097 35462
38821 27452
97709 46160
21146 41947
46185 17105
93241 27530
51460 30687
82811 66598
51903 39859
66211 17659
63611 63853
72257 19226
90688 17723
94870 10432
44527 10076
6700 55802
91757 83409
96010 61543
37076 33594
65110 82876
78521 19422
74206 2115
86917 4829
7968 45836
11413 48093
85886 15416
38707 65223
82726 53479
89254 64901
15957 74576
94033 70831
73175 40579
63321 46834
94669 83343
70509 73758
944 3513
75079 97404
12771 69516
12793 12867
17573 62526
84850 79114
4639 58684
2071 39730
24345 45212
41770 6122
22724 55301
17347 50496
49637 68565
19426 59567
11195 69302
45152 62604
99312 49260
78468 28268
29710 66152
84023 55908
47314 69512
58435 75014
17922 11018
48063 87316
95629 70505
34848 62538
87877 73203
44668 24713
55339 34569
2226 69049
21061 83243
56406 52747
75637 99385
70822 59565
62794 36246
70761 17070
70978 3439
65238 95284
29662 50374
76633 48043
98851 13570
73712 7894
40652 11697
53407 29206
89219 23761
27506 95205
31303 4171
45653 23977
16854 40803
78232 21528
9852 6715
97073 78189
93468 87622
6563 22383
15226 89881
40538 37969
31674 91456
68561 20110
33403 92063
59403 31514
32489 33729
80379 27347
41647 25547
88282 37062
95210 26375
43473 95890
36872 38114
60550 36815
77880 1428
94057 72724
98234 84882
1664 88557
20546 26758
11016 84818
5454 83651
79437 770
76075 68795
19963 8327
15059 29950
85904 48702
11830 31575
95329 77564
1091 63572
11700 35254
11437 55474
3988 7800
43588 58260
34233 93668
1958 94084
39859 26447
14971 17017
63610 50454
22234 91944
56511 35906
11090 12674
58272 93443
74348 76495
74703 8535
81496 89626
7972 15416
56418 61538
58378 96376
90375 14462
37563 18337
35501 9451
90227 54555
32393 66321
66845 14263
82350 56700
48746 78429
3451 21753
5576 54021
86212 63992
46202 61060
42090 26599
43570 35219
32439 24304
55021 70449
75734 52053
39605 73904
43581 57988
82208 19344
898 74642
94519 25839
96944 83998
64044 32119
82028 19403
32999 87681
23565 11137
50133 31280
99515 27766
84096 32027
23253 47602
78784 41326
29837 24556
23341 30306
87325 62951
79525 32247
22703 58938
37826 58877
79628 80192
55577 7593
5340 31888
61884 33303
77291 30304
75265 1245
11889 98045
53986 13334
90366 51299
57892 17381
44576 54675
87709 34001
90642 98651
5119 31935
90930 60142
21024 70756
38824 90850
72703 87349
79651 61488
10321 93774
11856 26041
57427 57088
82712 48736
10580 48051
6139 30935
91798 54952
85498 90695
95973 66636
90663 85805
93998 86593
37106 50607
86570 85599
35640 23479
28213 380
47773 13862
97311 80685
53504 77171
33273 36283
68068 71777
73889 16252
52703 71607
72095 17556
20015 56571
14205 1508
89426 57686
82753 73506
70469 63736
26782 91152
32750 13383
12338 57888
56448 83553
9691 63187
69792 93910
86747 42408
6649 81615
83773 42567
73154 79212
62530 16297
30549 83572
74078 76832
10329 26140
84994 2905
77222 63860
69656 28706
65219 22491
95070 39057
80467 81775
59010 6678
54934 9335
94976 19593
81774 87795
48911 77952
77610 75573
81728 38952
20307 96053
81910 26626
46969 25731
9913 11402
42558 39377
89293 50713
90824 95404
44903 48664
79200 95095
