190 738
home
x
iron
x
glowstone
zzzzzzzzzzzzzzz
bcdefghijklmnop
sand
quartz
banana
x
ice
quartz
abcdefghijklmno
gravel
diamond
abcdefghijklmno
c
c
ggggggggggggggg
notdiamond
ggggggggggggggg
a
cactus
aaaaaaaaaaaaaaa
z
glowstone
commandblock
aaaaaaaaaaaaaaa
gravel
commandblock
b
x
glowstone
a
redstone
aaaaaaaaaaaaaaa
abcd
x
diamonds
sand
notdiamond
sand
bcdefghijklmnop
z
sand
z
commandblock
iron
b
bcdefghijklmnop
zzzzzzzzzzzzzzz
soulfire
commandblock
z
ggggggggggggggg
soulfire
iron
cactus
ggggggggggggggg
iron
aaaaaaaaaaaaaaa
soulfire
a
gravel
quartz
abcdefghijklmno
quartz
tnt
commandblock
abcdefghijklmno
a
diamonds
abcd
commandblock
zzzzzzzzzzzzzzz
ice
commandblock
a
soulfire
c
commandblock
bcdefghijklmnop
diamonds
beacon
cactus
banana
sand
commandblock
beehive
aaaaaaaaaaaaaaa
x
bcdefghijklmnop
beehive
zzzzzzzzzzzzzzz
redstone
redstone
redstone
beacon
aaaaaaaaaaaaaaa
iron
ice
z
bcdefghijklmnop
cactus
soulfire
gravel
notdiamond
commandblock
a
bcdefghijklmnop
redstone
tnt
gravel
cactus
bcdefghijklmnop
cactus
aaaaaaaaaaaaaaa
notdiamond
emerald
bcdefghijklmnop
iron
ice
commandblock
gravel
c
iron
redstone
notdiamond
x
beacon
cactus
beehive
glowstone
soulfire
tnt
banana
soulfire
beacon
z
quartz
b
diamonds
sand
b
sand
zzzzzzzzzzzzzzz
commandblock
abcdefghijklmno
beehive
aaaaaaaaaaaaaaa
glowstone
z
b
x
z
cactus
diamonds
diamonds
x
tnt
c
ice
a
diamonds
gravel
ice
b
soulfire
emerald
tnt
quartz
banana
abcdefghijklmno
emerald
diamonds
abcdefghijklmno
z
redstone
tnt
banana
banana
cactus
x
diamonds
beehive
c
gravel
c
tnt
1 86
58 75
18 176
98 159
12 128
139 182
152 186
23 81
86 138
57 115
41 185
29 102
181 189
4 179
122 184
79 104
21 46
101 118
29 120
12 64
49 76
123 163
138 179
126 142
6 34
43 133
129 156
113 143
10 92
78 189
44 162
11 174
47 77
4 115
41 73
64 172
28 83
59 108
78 102
75 94
58 185
95 166
66 105
56 120
7 102
20 98
8 22
119 134
43 75
25 64
61 160
8 79
3 114
69 79
31 79
126 150
21 38
39 130
55 120
49 120
47 149
5 113
46 122
97 116
93 130
39 45
64 183
69 149
126 168
38 130
134 172
133 156
13 49
52 154
11 108
145 166
55 92
38 167
77 90
2 149
97 122
6 172
59 72
79 153
47 177
40 106
125 134
25 78
82 168
117 177
84 138
65 68
65 175
72 129
12 164
85 102
1 53
102 142
130 187
32 147
135 174
22 70
19 126
81 113
38 139
46 65
93 140
65 172
147 160
80 93
42 140
59 100
7 119
3 56
46 133
109 161
55 59
188 190
89 91
54 135
97 128
102 118
92 119
13 115
99 132
5 177
89 170
96 116
11 12
13 110
35 185
102 178
84 99
103 159
61 187
63 82
65 81
25 61
21 165
2 91
149 175
145 161
47 101
62 65
129 180
140 182
30 32
48 187
69 87
100 128
134 163
34 82
41 93
11 23
135 177
14 80
58 104
142 170
153 185
35 94
85 144
20 114
19 177
91 120
71 89
37 80
96 120
89 119
9 121
29 94
81 124
123 131
85 182
22 85
80 143
167 184
119 158
25 89
98 175
101 188
96 107
20 182
144 185
64 90
141 181
71 88
77 162
87 112
110 161
113 152
26 152
61 92
127 143
31 165
143 162
64 69
48 100
62 185
35 72
29 147
149 185
124 140
23 175
168 175
15 102
33 86
47 112
99 170
132 142
111 172
151 188
25 134
2 70
69 109
171 184
154 165
39 180
121 181
14 52
2 12
43 120
69 146
181 190
21 167
80 98
131 156
42 172
10 20
31 173
37 41
10 26
16 101
88 133
125 186
41 115
16 84
3 148
84 106
154 176
105 141
4 29
26 46
80 87
41 112
1 80
119 152
81 154
50 52
102 143
22 178
122 125
116 171
61 112
56 123
21 77
86 143
127 159
50 170
50 182
26 107
118 165
42 51
102 190
96 101
23 58
78 80
106 132
50 92
32 102
38 151
21 59
120 185
126 185
24 28
68 156
52 98
65 170
17 162
87 137
98 139
45 78
56 101
32 37
96 146
5 106
53 181
22 54
87 146
22 38
6 44
35 138
106 142
24 95
7 150
121 159
73 124
117 176
152 166
120 180
48 148
9 139
164 173
115 155
18 169
4 89
119 123
20 84
88 124
66 95
129 162
13 108
28 93
45 102
147 182
28 69
18 178
3 107
104 145
72 140
95 121
136 187
60 65
75 181
5 150
91 143
100 102
4 67
57 187
41 121
45 185
66 93
87 147
66 72
8 43
18 35
60 87
4 79
102 189
91 134
12 170
133 179
70 163
4 167
176 185
75 183
29 155
163 181
98 99
17 140
83 126
158 182
2 138
107 172
137 139
58 173
43 173
24 118
120 169
19 175
126 165
88 108
54 178
56 109
63 145
135 140
75 158
23 154
128 138
100 140
53 131
16 80
49 110
10 73
10 12
154 183
34 113
98 169
40 171
74 117
3 100
35 40
59 173
28 134
71 103
139 154
110 172
9 109
56 99
79 121
52 94
42 59
14 102
32 62
68 187
107 143
7 29
134 138
26 27
90 176
129 138
61 101
35 50
31 137
73 82
12 154
100 123
35 55
51 190
114 160
60 166
65 156
157 181
168 189
41 139
86 97
17 100
108 132
62 76
113 115
5 6
141 154
32 143
109 114
120 170
98 163
92 182
142 176
141 182
101 126
114 182
84 182
40 159
43 102
20 71
74 187
80 187
24 123
41 177
1 153
5 18
78 84
80 99
56 135
113 162
160 182
33 136
31 146
54 150
11 129
85 138
81 110
62 182
82 92
58 84
47 66
136 139
83 162
72 164
1 13
118 126
42 99
146 150
106 184
36 126
8 118
13 168
107 178
95 136
75 128
60 181
172 183
99 108
112 184
96 113
179 184
44 104
32 80
135 182
44 84
24 159
167 172
56 57
27 146
19 163
36 96
76 89
33 40
163 184
15 112
34 67
75 116
121 132
36 76
52 80
57 127
5 91
31 168
55 112
13 57
18 20
66 122
39 118
6 141
84 187
40 73
88 111
91 123
10 41
84 102
18 151
56 128
17 142
149 178
155 181
35 165
135 147
41 182
104 167
21 146
94 178
58 134
113 184
144 177
66 125
105 140
12 72
20 77
119 157
90 130
115 117
38 118
93 167
48 87
11 67
114 148
8 136
29 33
8 72
135 187
26 140
108 116
76 135
93 177
56 103
14 44
90 117
85 148
72 150
92 152
6 92
32 176
116 161
91 154
39 43
24 96
29 99
129 146
1 78
138 161
75 81
52 173
23 86
105 172
55 162
97 111
102 119
115 152
14 190
13 32
150 152
61 62
54 93
148 180
79 155
99 130
83 129
2 94
57 126
28 102
80 89
26 184
31 144
27 83
63 92
14 81
4 38
96 175
80 141
47 143
97 120
61 103
10 96
52 182
11 85
112 166
72 184
117 173
95 110
34 84
124 171
37 107
30 150
67 93
110 145
21 89
3 140
9 96
8 142
50 149
163 179
54 156
48 77
126 149
89 132
5 34
7 142
18 102
142 156
79 134
61 140
9 114
110 130
56 65
67 130
129 164
81 163
11 44
80 137
110 186
6 86
43 77
114 143
94 141
40 173
26 38
36 173
127 181
151 165
64 140
21 85
39 146
24 150
106 113
75 167
70 121
64 97
1 77
57 100
58 124
2 158
10 148
53 81
29 156
61 125
98 157
32 137
29 149
10 125
31 52
15 160
18 57
74 101
68 141
181 182
9 135
95 155
45 84
57 139
35 68
75 145
7 106
110 151
105 109
36 168
96 149
5 152
130 142
104 172
61 122
19 94
9 81
90 101
2 177
111 177
40 169
3 146
119 168
1 176
103 173
60 169
50 140
47 129
88 103
67 84
13 128
85 183
80 118
36 133
35 43
29 92
74 102
34 111
12 110
63 156
17 174
46 47
71 75
142 175
23 177
91 133
107 148
7 90
79 152
25 50
30 138
1 29
2 21
7 109
28 34
26 124
2 72
51 53
104 144
136 190
44 64
92 181
80 133
120 135
58 107
112 146
113 155
92 156
133 178
114 122
102 109
5 149
3 39
6 70
